   2.20000000E+00
  -1.54527188E+00
   1.64048766E+00
   6.30874980E-03
   7.75891058E-01
   2.88119424E+01
   2.20500000E+00
  -1.53809901E+00
   1.64655014E+00
  -9.71057400E-04
   7.70924806E-01
   2.24160855E+01
   2.21000000E+00
  -1.53178513E+00
   1.59370402E+00
   7.68481288E-01
   7.68518629E-01
   1.24876353E+01
   2.21500000E+00
  -1.52345523E+00
   1.72602001E+00
   3.73518501E-01
   7.54957847E-01
   2.67118871E+01
   2.22000000E+00
  -1.51548121E+00
   1.79983756E+00
   3.73002565E-01
   7.44768550E-01
   2.94498087E+01
   2.22500000E+00
  -1.50800960E+00
   1.74555388E+00
   1.84461040E-03
   7.39411910E-01
   2.34065167E+01
   2.23000000E+00
  -1.49911747E+00
   1.89743037E+00
   3.57737191E-01
   7.24508337E-01
   3.36127900E+01
   2.23500000E+00
  -1.49087556E+00
   1.86361418E+00
  -4.91565600E-04
   7.17244599E-01
   2.58458750E+01
   2.24000000E+00
  -1.48205535E+00
   1.92033852E+00
  -2.20992560E-03
   7.05095215E-01
   2.34628160E+01
   2.24500000E+00
  -1.47341481E+00
   1.99512991E+00
   3.50699252E-01
   6.91887716E-01
   3.28350544E+01
   2.25000000E+00
  -1.46224737E+00
   2.13464102E+00
   8.05412618E-02
   6.66096351E-01
   5.36517214E+01
   2.25500000E+00
  -1.45168814E+00
   2.23239680E+00
  -3.33672487E-01
   6.42201955E-01
   6.49620223E+01
   2.26000000E+00
  -1.44188821E+00
   2.22233906E+00
   6.12965901E-01
   6.27444790E-01
   6.30599037E+01
   2.26500000E+00
  -1.43016635E+00
   2.46829822E+00
  -4.96147716E-02
   5.94398684E-01
   9.39399816E+01
   2.27000000E+00
  -1.41751585E+00
   2.47438603E+00
  -7.47826662E-02
   5.56733141E-01
   1.06837231E+02
   2.27500000E+00
  -1.40500095E+00
   2.56047442E+00
   4.52499804E-02
   5.12014640E-01
   1.41012933E+02
   2.28000000E+00
  -1.39361344E+00
   2.49498525E+00
  -4.06593754E-02
   4.80872209E-01
   1.38678960E+02
   2.28500000E+00
  -1.38083749E+00
   2.43120869E+00
   6.13944972E-02
   4.36596427E-01
   1.49669225E+02
   2.29000000E+00
  -1.36987161E+00
   2.38060207E+00
  -5.50820430E-02
   4.03779317E-01
   1.57262425E+02
   2.29500000E+00
  -1.35815257E+00
   2.27095621E+00
  -1.90702944E-02
   3.64795660E-01
   1.47977434E+02
   2.30000000E+00
  -1.34657571E+00
   2.08437703E+00
   5.92114512E-02
   3.20356680E-01
   1.39927435E+02
   2.30500000E+00
  -1.33829636E+00
   1.98887068E+00
  -2.44481154E-02
   3.00291871E-01
   1.33733889E+02
   2.31000000E+00
  -1.32771526E+00
   1.82112390E+00
  -1.58837474E-02
   2.68695189E-01
   1.11489702E+02
   2.31500000E+00
  -1.31788625E+00
   1.73972227E+00
   6.78402400E-04
   2.40382492E-01
   1.02118526E+02
   2.32000000E+00
  -1.31094100E+00
   1.67574384E+00
   8.70306860E-03
   2.33436988E-01
   9.72785369E+01
   2.32500000E+00
  -1.30257405E+00
   1.62109633E+00
   1.33676844E-02
   2.12541682E-01
   8.67496194E+01
   2.33000000E+00
  -1.29482228E+00
   1.57299346E+00
  -7.60509560E-03
   1.96712615E-01
   7.96358282E+01
   2.33500000E+00
  -1.28629555E+00
   1.48765554E+00
  -4.77904920E-03
   1.78674812E-01
   6.65042059E+01
   2.34000000E+00
  -1.27962390E+00
   1.43750999E+00
   6.84540720E-03
   1.67379829E-01
   5.86285990E+01
   2.34500000E+00
  -1.27287102E+00
   1.41644007E+00
  -2.13289780E-03
   1.62005958E-01
   5.62272166E+01
   2.35000000E+00
  -1.26564311E+00
   1.37062164E+00
   3.57945200E-03
   1.54106411E-01
   4.99513247E+01
