   2.20000000E+00
  -1.54579382E+00
   1.51447115E+00
   3.31055563E-03
   7.81362528E-01
   1.07656607E+01
   2.20500000E+00
  -1.53905249E+00
   1.52626199E+00
  -3.87391802E-01
   7.76004101E-01
   8.98783515E+00
   2.21000000E+00
  -1.53182222E+00
   1.53779887E+00
  -4.19441875E-04
   7.69130934E-01
   7.65171315E+00
   2.21500000E+00
  -1.52409531E+00
   1.58807789E+00
  -6.30553437E-04
   7.61655072E-01
   9.15348244E+00
   2.22000000E+00
  -1.51562600E+00
   1.65939709E+00
  -8.74853750E-04
   7.50143854E-01
   1.15327338E+01
   2.22500000E+00
  -1.50748317E+00
   1.75858829E+00
  -7.78758125E-04
   7.38673917E-01
   1.64357571E+01
   2.23000000E+00
  -1.49859425E+00
   1.77676164E+00
   3.64418702E-01
   7.27036597E-01
   1.73056663E+01
   2.23500000E+00
  -1.49154832E+00
   1.83381137E+00
  -1.98485988E-01
   7.18381091E-01
   2.42962569E+01
   2.24000000E+00
  -1.48190764E+00
   1.92968037E+00
   7.87717500E-03
   7.04031771E-01
   2.57324873E+01
   2.24500000E+00
  -1.47347512E+00
   1.96264296E+00
   3.39678526E-01
   6.90571378E-01
   3.33025302E+01
   2.25000000E+00
  -1.46207811E+00
   2.12902531E+00
   3.05152279E-01
   6.65065892E-01
   4.69868188E+01
   2.25500000E+00
  -1.45346265E+00
   2.07137855E+00
  -1.50909691E-01
   6.56703251E-01
   3.85176587E+01
   2.26000000E+00
  -1.44405898E+00
   2.16479296E+00
   2.56910601E-01
   6.40950356E-01
   4.34081740E+01
   2.26500000E+00
  -1.43063036E+00
   2.29401880E+00
  -1.33820202E-01
   6.04497730E-01
   6.03367749E+01
   2.27000000E+00
  -1.42065619E+00
   2.31122047E+00
  -2.37549742E-01
   5.81958831E-01
   6.98314141E+01
   2.27500000E+00
  -1.40675592E+00
   2.39509553E+00
   6.73190147E-02
   5.36768808E-01
   8.86213645E+01
   2.28000000E+00
  -1.39447639E+00
   2.33012626E+00
  -1.09292167E-01
   5.03086700E-01
   9.32258364E+01
   2.28500000E+00
  -1.38440910E+00
   2.38938003E+00
   4.53256378E-02
   4.78187660E-01
   1.01016900E+02
   2.29000000E+00
  -1.37274036E+00
   2.27759921E+00
   5.14917628E-02
   4.40456782E-01
   1.06267798E+02
   2.29500000E+00
  -1.36252413E+00
   2.28546540E+00
  -7.73840272E-02
   4.22768850E-01
   1.02062309E+02
   2.30000000E+00
  -1.35214556E+00
   2.12897906E+00
  -1.44604228E-02
   3.83403107E-01
   1.06518565E+02
   2.30500000E+00
  -1.33955691E+00
   1.98475607E+00
  -1.86539519E-02
   3.50458646E-01
   9.42870340E+01
   2.31000000E+00
  -1.33103879E+00
   1.93585906E+00
   3.41364200E-02
   3.29642490E-01
   9.23850448E+01
   2.31500000E+00
  -1.32176867E+00
   1.83388947E+00
   2.20945597E-02
   3.02518748E-01
   8.86104829E+01
   2.32000000E+00
  -1.31281848E+00
   1.75604596E+00
   7.54942812E-03
   2.84324226E-01
   8.05099737E+01
   2.32500000E+00
  -1.30509676E+00
   1.70574906E+00
   1.65093466E-02
   2.69903194E-01
   7.65070802E+01
   2.33000000E+00
  -1.29598442E+00
   1.61150591E+00
  -1.52846422E-02
   2.43906280E-01
   6.85084210E+01
   2.33500000E+00
  -1.28799141E+00
   1.53327964E+00
  -7.54032562E-03
   2.25510701E-01
   6.11657771E+01
   2.34000000E+00
  -1.27996363E+00
   1.49942336E+00
  -1.51475556E-02
   2.15204773E-01
   5.97252900E+01
   2.34500000E+00
  -1.27329697E+00
   1.45899615E+00
   6.82921250E-04
   2.05331239E-01
   5.34716295E+01
   2.35000000E+00
  -1.26616688E+00
   1.38112040E+00
  -5.06831719E-03
   1.91540169E-01
   4.78034036E+01
   2.35500000E+00
  -1.25980462E+00
   1.37603356E+00
  -8.13134469E-03
   1.86130075E-01
   4.50557298E+01
   2.36000000E+00
  -1.25255007E+00
   1.31624572E+00
   1.40984328E-02
   1.71304309E-01
   4.06078125E+01
   2.36500000E+00
  -1.24627508E+00
   1.29344678E+00
   3.71760594E-03
   1.64882408E-01
   3.75777437E+01
   2.37000000E+00
  -1.23989230E+00
   1.25910013E+00
   6.23009188E-03
   1.60907173E-01
   3.57724335E+01
   2.37500000E+00
  -1.23346317E+00
   1.23752330E+00
  -3.08930625E-04
   1.52721679E-01
   3.30330528E+01
   2.38000000E+00
  -1.22704290E+00
   1.22303796E+00
   8.01430688E-03
   1.45347052E-01
   2.95297021E+01
   2.38500000E+00
  -1.22075871E+00
   1.17924281E+00
   5.18789375E-04
   1.38185590E-01
   2.60858290E+01
   2.39000000E+00
  -1.21534605E+00
   1.16263393E+00
  -6.98683094E-03
   1.33192131E-01
   2.62292092E+01
   2.39500000E+00
  -1.20959911E+00
   1.14559677E+00
  -1.08163094E-03
   1.27250374E-01
   2.29075856E+01
   2.40000000E+00
  -1.20400806E+00
   1.13038070E+00
   3.61797531E-03
   1.26525505E-01
   2.31526570E+01
