       x:             approx:          exact:       relative error
     0.11111111   -0.065656066     0.55970095    0.048171983
     0.22222222     0.13131213     0.66941984   -0.094829366
     0.33333333   -0.088600175     0.63100781    0.057061239
     0.44444444    0.081562211     0.54383210   -0.070569232
     0.55555556   -0.062780619     0.44060375    0.057851537
     0.66666667    0.047864946     0.33209097   -0.067593228
     0.77777778   -0.031676641     0.22183859    0.057966959
     0.88888889    0.015907277     0.11101355   -0.067166824
      1.0000000      0.0000000  5.8885730E-18      0.0000000
