       x:             approx:          exact:       relative error
    0.010101010  -0.0042254337    0.085975546    0.020836312
    0.020202020   0.0084508674     0.16272048   -0.023161828
    0.030303030  -0.0045055169     0.23112163   0.0083847329
    0.040404040   0.0079459335     0.29198065   -0.011982646
    0.050505051  -0.0047101787     0.34602215   0.0058718986
    0.060606061   0.0075091749     0.39390113  -0.0083591511
    0.070707071  -0.0048532154     0.43620966   0.0048052254
    0.080808081   0.0071281207     0.47348293  -0.0065878665
    0.090909091  -0.0049458994     0.50620471   0.0042227011
     0.10101010   0.0067925814     0.53481229  -0.0055512456
     0.11111111  -0.0049974414     0.55970095   0.0038605066
     0.12121212   0.0064942313     0.58122797  -0.0048798130
     0.13131313  -0.0050153672     0.59971634   0.0036168581
     0.14141414   0.0062262679     0.61545800  -0.0044159055
     0.15151515  -0.0050058258     0.62871684   0.0034441474
     0.16161616   0.0059831326     0.63973141  -0.0040808827
     0.17171717  -0.0049738416     0.64871731   0.0033171198
     0.18181818   0.0057602838     0.65586946  -0.0038311128
     0.19191919  -0.0049235199     0.66136404   0.0032211272
     0.20202020   0.0055540109     0.66536030  -0.0036404334
     0.21212121  -0.0048582151     0.66800219   0.0031470864
     0.22222222   0.0053612815     0.66941984  -0.0034922013
     0.23232323  -0.0047806677     0.66973087   0.0030890654
     0.24242424   0.0051796184     0.66904159  -0.0033753245
     0.25252525  -0.0046931174     0.66744811   0.0030430271
     0.26262626   0.0050069973     0.66503731  -0.0032821293
     0.27272727  -0.0045973938     0.66188771   0.0030061301
     0.28282828   0.0048417642     0.65807028  -0.0032071425
     0.29292929  -0.0044949919     0.65364920   0.0029763191
     0.30303030   0.0046825677     0.64868246  -0.0031463603
     0.31313131  -0.0043871335     0.64322248   0.0029520729
     0.32323232   0.0045283036     0.63731665  -0.0030967922
     0.33333333  -0.0042748166     0.63100781   0.0029322441
     0.34343434   0.0043780695     0.62433467  -0.0030561643
     0.35353535  -0.0041588567     0.61733225   0.0029159530
     0.36363636   0.0042311284     0.61003216  -0.0030227224
     0.37373737  -0.0040399203     0.60246302   0.0029025162
     0.38383838   0.0040868779     0.59465068  -0.0029950960
     0.39393939  -0.0039185519     0.58661849   0.0028913966
     0.40404040   0.0039448258     0.57838758  -0.0029722028
     0.41414141  -0.0037951962     0.56997704   0.0028821681
     0.42424242   0.0038045700     0.56140413  -0.0029531808
     0.43434343  -0.0036702168     0.55268445   0.0028744896
     0.44444444   0.0036657819     0.54383210  -0.0029373381
     0.45454545  -0.0035439107     0.53485984   0.0028680866
     0.46464646   0.0035281930     0.52577916  -0.0029241154
     0.47474747  -0.0034165206     0.51660051   0.0028627365
     0.48484848   0.0033915840     0.50733328  -0.0029130588
     0.49494949  -0.0032882448     0.49798599   0.0028582580
     0.50505051   0.0032557756     0.48856633  -0.0029037975
     0.51515152  -0.0031592453     0.47908125   0.0028545027
     0.52525253   0.0031206213     0.46953704  -0.0028960279
     0.53535354  -0.0030296545     0.45993938   0.0028513490
     0.54545455   0.0029860016     0.45029340  -0.0028895001
     0.55555556  -0.0028995805     0.44060375   0.0028486964
     0.56565657   0.0028518186     0.43087462  -0.0028840083
     0.57575758  -0.0027691118     0.42110980   0.0028464623
     0.58585859   0.0027179925     0.41131273  -0.0028793821
     0.59595960  -0.0026383204     0.40148651   0.0028445779
     0.60606061   0.0025844579     0.39163392  -0.0028754805
     0.61616162  -0.0025072656     0.38175752   0.0028429864
     0.62626263   0.0024511616     0.37185957  -0.0028721862
     0.63636364  -0.0023759953     0.36194216   0.0028416404
     0.64646465   0.0023180599     0.35200716  -0.0028694019
     0.65656566  -0.0022445491     0.34205625   0.0028405005
     0.66666667   0.0021851173     0.33209097  -0.0028670465
     0.67676768  -0.0021129592     0.32211268   0.0028395338
     0.68686869   0.0020523047     0.31212266  -0.0028650525
     0.69696970  -0.0019812517     0.30212201   0.0028387130
     0.70707071   0.0019195982     0.29211176  -0.0028633636
     0.71717172  -0.0018494483     0.28209284   0.0028380149
     0.72727273   0.0017869785     0.27206607  -0.0028619327
     0.73737374  -0.0017175665     0.26203222   0.0028374204
     0.74747475   0.0016544297     0.25199196  -0.0028607211
     0.75757576  -0.0015856206     0.24194590   0.0028369134
     0.76767677   0.0015219388     0.23189461  -0.0028596962
     0.77777778  -0.0014536223     0.22183859   0.0028364803
     0.78787879   0.0013894952     0.21177829  -0.0028588315
     0.79797980  -0.0013215812     0.20171412   0.0028361098
     0.80808081   0.0012570903     0.19164646  -0.0028581055
     0.81818182  -0.0011895052     0.18157563   0.0028357923
     0.82828283   0.0011247170     0.17150195  -0.0028575015
     0.83838384  -0.0010574006     0.16142569   0.0028355198
     0.84848485  0.00099236953     0.15134710  -0.0028570073
     0.85858586 -0.00092527269     0.14126639   0.0028352854
     0.86868687  0.00086004314     0.13118378  -0.0028566164
     0.87878788 -0.00079312571     0.12109945   0.0028350836
     0.88888889  0.00072773399     0.11101355  -0.0028563298
     0.89898990 -0.00066096314     0.10092625   0.0028349094
     0.90909091  0.00059543892    0.090837678  -0.0028561618
     0.91919192 -0.00052878785    0.080747953   0.0028347588
     0.92929293  0.00046315536    0.070657188  -0.0028561562
     0.93939394 -0.00039660215    0.060565482   0.0028346283
     0.94949495  0.00033088121    0.050472927  -0.0028564417
     0.95959596 -0.00026440795    0.040379603   0.0028345150
     0.96969697  0.00019861473    0.030285585  -0.0028575101
     0.97979798 -0.00013220681    0.020190939   0.0028344164
     0.98989899  6.6354534E-05    0.010095726  -0.0028638383
      1.0000000      0.0000000  5.8885730E-18      0.0000000
