   2.10000000E+00
  -1.66161732E+00
   9.81565113E-01
  -3.21062500E-04
   8.67805947E-01
   1.10074404E+00
   2.10500000E+00
  -1.65672858E+00
   1.00658061E+00
   4.32021143E-01
   8.64793825E-01
   1.52321271E+00
   2.11000000E+00
  -1.65233582E+00
   1.00797353E+00
   4.39885000E-04
   8.62813585E-01
   1.24210406E+00
   2.11500000E+00
  -1.64663106E+00
   1.05136317E+00
  -2.92162500E-04
   8.57904088E-01
   2.14693787E+00
   2.12000000E+00
  -1.64220867E+00
   1.04111617E+00
   4.28902512E-01
   8.56493175E-01
   1.50254824E+00
   2.12500000E+00
  -1.63660999E+00
   1.07248033E+00
  -1.57225625E-03
   8.52441951E-01
   1.72980349E+00
   2.13000000E+00
  -1.63192970E+00
   1.07505061E+00
   1.43153750E-04
   8.49892274E-01
   1.79624811E+00
   2.13500000E+00
  -1.62580411E+00
   1.11957882E+00
  -4.24604325E-01
   8.45027323E-01
   2.23114015E+00
   2.14000000E+00
  -1.62111205E+00
   1.10378138E+00
  -4.21238489E-01
   8.43466036E-01
   1.75101660E+00
   2.14500000E+00
  -1.61524727E+00
   1.12539189E+00
  -4.20222122E-01
   8.39550310E-01
   1.80409310E+00
   2.15000000E+00
  -1.60971310E+00
   1.15259942E+00
  -4.16930870E-01
   8.35161498E-01
   2.14136367E+00
   2.15500000E+00
  -1.60352551E+00
   1.17733535E+00
   4.16264309E-01
   8.30861101E-01
   2.35223303E+00
   2.16000000E+00
  -1.59810070E+00
   1.20225408E+00
   4.13164904E-01
   8.27520099E-01
   2.30170345E+00
   2.16500000E+00
  -1.59156998E+00
   1.24775497E+00
  -2.37761012E-02
   8.21195699E-01
   3.11700732E+00
   2.17000000E+00
  -1.58613612E+00
   1.23974778E+00
  -1.18795250E-03
   8.18393217E-01
   2.65487467E+00
   2.17500000E+00
  -1.58005082E+00
   1.26343189E+00
  -1.75063375E-03
   8.13590676E-01
   2.94942078E+00
   2.18000000E+00
  -1.57308732E+00
   1.28977894E+00
  -4.03267351E-01
   8.07883294E-01
   3.21148075E+00
   2.18500000E+00
  -1.56707642E+00
   1.31822414E+00
  -2.84785000E-04
   8.03280497E-01
   3.41807297E+00
   2.19000000E+00
  -1.55877431E+00
   1.39835070E+00
   6.63110154E-01
   7.93195449E-01
   4.95119552E+00
   2.19500000E+00
  -1.55347122E+00
   1.39114267E+00
  -5.36151285E-01
   7.90415347E-01
   4.80182166E+00
   2.20000000E+00
  -1.54653562E+00
   1.42886145E+00
  -1.02661873E-01
   7.84274528E-01
   5.16429818E+00
   2.20500000E+00
  -1.53913906E+00
   1.47781116E+00
   3.67547837E-01
   7.76928745E-01
   5.98915174E+00
   2.21000000E+00
  -1.53304435E+00
   1.47038774E+00
   1.17830987E-01
   7.73122288E-01
   5.61931808E+00
   2.21500000E+00
  -1.52404483E+00
   1.52982144E+00
  -5.03639912E-02
   7.61819764E-01
   7.02283125E+00
   2.22000000E+00
  -1.51652999E+00
   1.57283215E+00
  -2.97411474E-01
   7.53799374E-01
   7.54449938E+00
   2.22500000E+00
  -1.50860692E+00
   1.62753019E+00
   6.13549737E-02
   7.43948109E-01
   9.17231046E+00
   2.23000000E+00
  -1.50053399E+00
   1.65271626E+00
  -1.85380139E-01
   7.35774246E-01
   9.33833331E+00
   2.23500000E+00
  -1.49172065E+00
   1.69761513E+00
   5.54042138E-02
   7.24634189E-01
   1.05743858E+01
   2.24000000E+00
  -1.48500833E+00
   1.68698160E+00
  -1.70791250E-03
   7.19385718E-01
   1.02040603E+01
   2.24500000E+00
  -1.47572055E+00
   1.75266428E+00
  -1.12816937E-01
   7.06403990E-01
   1.20718212E+01
   2.25000000E+00
  -1.46739287E+00
   1.79563153E+00
  -2.61635001E-01
   6.95325346E-01
   1.34685337E+01
   2.25500000E+00
  -1.45744034E+00
   1.85130689E+00
   2.32499262E-02
   6.80826129E-01
   1.51481341E+01
   2.26000000E+00
  -1.44637923E+00
   1.93439522E+00
  -2.15621100E-02
   6.59820750E-01
   1.90870543E+01
   2.26500000E+00
  -1.43651653E+00
   1.96993232E+00
  -6.07671837E-02
   6.45217021E-01
   1.98830789E+01
   2.27000000E+00
  -1.42817815E+00
   1.97817863E+00
   2.75266638E-02
   6.32884711E-01
   2.12451364E+01
   2.27500000E+00
  -1.41881421E+00
   1.99258765E+00
   2.85418850E-02
   6.18253245E-01
   2.24699284E+01
   2.28000000E+00
  -1.40977249E+00
   2.00618217E+00
  -3.84605775E-02
   6.04553005E-01
   2.35163614E+01
   2.28500000E+00
  -1.39659451E+00
   2.01415415E+00
   5.66891337E-02
   5.77944551E-01
   2.61293067E+01
   2.29000000E+00
  -1.39006168E+00
   1.96856570E+00
  -2.46927188E-02
   5.73847966E-01
   2.51020889E+01
   2.29500000E+00
  -1.37893774E+00
   1.98916668E+00
  -2.31526912E-02
   5.51836719E-01
   2.68255077E+01
   2.30000000E+00
  -1.36573462E+00
   2.00692714E+00
  -6.69810900E-02
   5.21968880E-01
   2.95588653E+01
   2.30500000E+00
  -1.35597048E+00
   1.96101476E+00
  -3.48346925E-02
   5.04353703E-01
   2.94417978E+01
   2.31000000E+00
  -1.34887449E+00
   1.95768969E+00
   2.03397537E-02
   4.95632596E-01
   2.99671765E+01
   2.31500000E+00
  -1.33822935E+00
   1.92290994E+00
   2.71815125E-03
   4.73515364E-01
   3.08256282E+01
   2.32000000E+00
  -1.33072563E+00
   1.88216461E+00
  -4.31320250E-03
   4.62092862E-01
   3.07275656E+01
   2.32500000E+00
  -1.32042371E+00
   1.84391709E+00
  -3.65072925E-02
   4.41014838E-01
   3.08053034E+01
   2.33000000E+00
  -1.31074480E+00
   1.77455576E+00
  -3.13361075E-02
   4.24172483E-01
   2.96355529E+01
   2.33500000E+00
  -1.30153263E+00
   1.73685860E+00
  -1.10124975E-02
   4.06361340E-01
   2.99933319E+01
   2.34000000E+00
  -1.29383050E+00
   1.70517118E+00
  -2.50032700E-02
   3.93451310E-01
   2.91174892E+01
   2.34500000E+00
  -1.28701028E+00
   1.66134050E+00
   1.59812362E-02
   3.84888876E-01
   2.89740131E+01
   2.35000000E+00
  -1.27599914E+00
   1.57920751E+00
   1.30978563E-02
   3.59951271E-01
   2.74031796E+01
   2.35500000E+00
  -1.26786421E+00
   1.53788687E+00
  -3.85721000E-03
   3.44172717E-01
   2.67202461E+01
   2.36000000E+00
  -1.26078856E+00
   1.50201786E+00
   6.84918125E-03
   3.30952231E-01
   2.61230251E+01
   2.36500000E+00
  -1.25506893E+00
   1.46936367E+00
  -8.68345750E-03
   3.27726555E-01
   2.53493267E+01
   2.37000000E+00
  -1.24598064E+00
   1.41134670E+00
   7.83460125E-03
   3.05419054E-01
   2.40837046E+01
   2.37500000E+00
  -1.24015415E+00
   1.37837649E+00
   1.85721625E-03
   3.02081246E-01
   2.31215985E+01
   2.38000000E+00
  -1.23436106E+00
   1.36013405E+00
  -5.19169875E-03
   2.94754934E-01
   2.31004103E+01
   2.38500000E+00
  -1.22672265E+00
   1.32111317E+00
   4.84110375E-03
   2.83139099E-01
   2.16011960E+01
   2.39000000E+00
  -1.21912273E+00
   1.27271894E+00
  -1.16907587E-02
   2.69758434E-01
   2.02781909E+01
   2.39500000E+00
  -1.21369052E+00
   1.25591712E+00
  -2.55367750E-03
   2.64590312E-01
   1.98396012E+01
   2.40000000E+00
  -1.20706245E+00
   1.21032957E+00
  -1.26286925E-02
   2.52499675E-01
   1.86641078E+01
