   2.10000000E+00
  -1.66150911E+00
   1.01371587E+00
   8.67108304E-01
   8.67109698E-01
   2.25890649E+00
   2.10500000E+00
  -1.65671578E+00
   1.02917702E+00
   4.32390082E-01
   8.64522357E-01
   2.14374612E+00
   2.11000000E+00
  -1.65167522E+00
   1.07113104E+00
   2.31998444E-03
   8.60282777E-01
   4.38125497E+00
   2.11500000E+00
  -1.64651890E+00
   1.08467472E+00
   1.13218667E-03
   8.57289411E-01
   3.72079460E+00
   2.12000000E+00
  -1.64122019E+00
   1.10153634E+00
   4.26176219E-01
   8.53656459E-01
   4.48696899E+00
   2.12500000E+00
  -1.63682789E+00
   1.08703761E+00
  -4.26504618E-01
   8.52827277E-01
   2.10455769E+00
   2.13000000E+00
  -1.63135180E+00
   1.10045101E+00
   2.49045000E-04
   8.49090672E-01
   2.50869323E+00
   2.13500000E+00
  -1.62597772E+00
   1.12755901E+00
   4.22993898E-01
   8.45612412E-01
   2.64394565E+00
   2.14000000E+00
  -1.62062087E+00
   1.15111737E+00
  -4.61914444E-04
   8.42003201E-01
   2.97888656E+00
   2.14500000E+00
  -1.61519931E+00
   1.15327134E+00
  -1.55070556E-03
   8.38915322E-01
   2.59318418E+00
   2.15000000E+00
  -1.60922901E+00
   1.20980140E+00
  -8.33111157E-01
   8.33180174E-01
   4.66384181E+00
   2.15500000E+00
  -1.60337549E+00
   1.22106352E+00
  -6.29995000E-04
   8.29374684E-01
   3.71082366E+00
   2.16000000E+00
  -1.59740653E+00
   1.25053062E+00
  -8.23815625E-01
   8.24043497E-01
   6.09058228E+00
   2.16500000E+00
  -1.59205937E+00
   1.25552791E+00
  -2.39803056E-03
   8.21170993E-01
   4.92850208E+00
   2.17000000E+00
  -1.58591730E+00
   1.27478789E+00
   4.08474713E-01
   8.17380969E-01
   3.83058367E+00
   2.17500000E+00
  -1.57950757E+00
   1.31397387E+00
   4.05973063E-01
   8.12183964E-01
   3.96146138E+00
   2.18000000E+00
  -1.57294545E+00
   1.33737784E+00
   4.04379457E-01
   8.06484333E-01
   5.05112521E+00
   2.18500000E+00
  -1.56648424E+00
   1.34972953E+00
   4.00569916E-01
   8.01770868E-01
   4.31325166E+00
   2.19000000E+00
  -1.56015452E+00
   1.37527326E+00
   1.93972778E-04
   7.96514766E-01
   4.59388842E+00
   2.19500000E+00
  -1.55264252E+00
   1.43033319E+00
  -1.46400944E-03
   7.88581465E-01
   6.01967102E+00
   2.20000000E+00
  -1.54508110E+00
   1.49084036E+00
   2.02855791E-01
   7.79893851E-01
   8.74591451E+00
   2.20500000E+00
  -1.53786938E+00
   1.51044069E+00
  -3.41199935E-01
   7.73446145E-01
   7.79982889E+00
   2.21000000E+00
  -1.53145871E+00
   1.52750282E+00
  -7.67592451E-01
   7.68086306E-01
   8.30246219E+00
   2.21500000E+00
  -1.52383182E+00
   1.58600868E+00
   3.82571754E-01
   7.59574968E-01
   9.39035516E+00
   2.22000000E+00
  -1.51554362E+00
   1.62417486E+00
  -2.61344167E-03
   7.50447822E-01
   1.07594437E+01
   2.22500000E+00
  -1.50765216E+00
   1.67490894E+00
  -1.41037811E-02
   7.40981856E-01
   1.17563084E+01
   2.23000000E+00
  -1.50016911E+00
   1.72988740E+00
  -5.30615056E-03
   7.31714369E-01
   1.42258907E+01
   2.23500000E+00
  -1.49236021E+00
   1.72364389E+00
  -4.99764011E-02
   7.24394787E-01
   1.33776896E+01
   2.24000000E+00
  -1.48259834E+00
   1.82320071E+00
   8.58750472E-02
   7.06867986E-01
   1.98583294E+01
   2.24500000E+00
  -1.47271057E+00
   1.92101999E+00
  -1.10649049E-01
   6.90558909E-01
   2.34830913E+01
   2.25000000E+00
  -1.46326103E+00
   1.97335920E+00
   1.57294888E-01
   6.76707444E-01
   2.53464877E+01
   2.25500000E+00
  -1.45285417E+00
   2.04050992E+00
   2.15245287E-01
   6.57336213E-01
   3.04423531E+01
   2.26000000E+00
  -1.44363519E+00
   2.12617197E+00
  -1.14333597E-01
   6.39682104E-01
   3.61625913E+01
   2.26500000E+00
  -1.43334925E+00
   2.13340252E+00
   9.39484111E-03
   6.23482724E-01
   3.78527588E+01
   2.27000000E+00
  -1.42320586E+00
   2.17985907E+00
   1.50363097E-01
   6.00860653E-01
   4.39107482E+01
   2.27500000E+00
  -1.41353753E+00
   2.22963553E+00
  -1.13111311E-01
   5.82155450E-01
   4.90674560E+01
   2.28000000E+00
  -1.40182518E+00
   2.23667206E+00
   8.24210100E-02
   5.57471962E-01
   5.00606601E+01
   2.28500000E+00
  -1.39004699E+00
   2.26133228E+00
  -5.06747244E-02
   5.27831259E-01
   5.66162985E+01
   2.29000000E+00
  -1.37609765E+00
   2.23902463E+00
  -8.74639422E-02
   4.89028867E-01
   6.24437371E+01
   2.29500000E+00
  -1.36682815E+00
   2.15173854E+00
  -3.60470456E-02
   4.72078663E-01
   5.94559674E+01
   2.30000000E+00
  -1.35506741E+00
   2.09848296E+00
   2.20210722E-03
   4.36798629E-01
   6.41635343E+01
   2.30500000E+00
  -1.34627687E+00
   2.09737169E+00
   1.31338439E-02
   4.18742974E-01
   6.42722042E+01
   2.31000000E+00
  -1.33545308E+00
   1.97091477E+00
   6.24907889E-03
   3.93828763E-01
   6.16089721E+01
   2.31500000E+00
  -1.32649702E+00
   1.92832791E+00
   3.32335044E-02
   3.72311150E-01
   6.15850064E+01
   2.32000000E+00
  -1.31697212E+00
   1.86082161E+00
  -1.28829256E-02
   3.58208672E-01
   5.73499880E+01
   2.32500000E+00
  -1.30804225E+00
   1.74747786E+00
  -2.40819517E-02
   3.30924099E-01
   5.46096105E+01
   2.33000000E+00
  -1.29914293E+00
   1.67162156E+00
  -5.23864044E-02
   3.12731101E-01
   5.14417619E+01
   2.33500000E+00
  -1.29017090E+00
   1.58982507E+00
   4.40404872E-02
   2.91445061E-01
   4.86339431E+01
   2.34000000E+00
  -1.28429986E+00
   1.57849973E+00
   8.46587722E-03
   2.88209382E-01
   4.73302407E+01
   2.34500000E+00
  -1.27595593E+00
   1.50999288E+00
   3.49405667E-03
   2.67971443E-01
   4.44607211E+01
   2.35000000E+00
  -1.26725976E+00
   1.44443543E+00
   2.43766444E-03
   2.45800612E-01
   4.05886773E+01
   2.35500000E+00
  -1.25981835E+00
   1.41140126E+00
   1.03113422E-02
   2.33785539E-01
   3.81345321E+01
   2.36000000E+00
  -1.25383104E+00
   1.36698036E+00
   7.46718167E-03
   2.29512802E-01
   3.55424130E+01
   2.36500000E+00
  -1.24804526E+00
   1.35926167E+00
  -1.60942311E-02
   2.24135134E-01
   3.52716262E+01
   2.37000000E+00
  -1.23992528E+00
   1.27596018E+00
   5.86547222E-04
   2.05404132E-01
   3.05469060E+01
   2.37500000E+00
  -1.23422230E+00
   1.27775912E+00
  -1.25603106E-02
   2.02395187E-01
   3.02630119E+01
   2.38000000E+00
  -1.22777491E+00
   1.23955175E+00
  -1.81832778E-04
   1.93127153E-01
   2.75765652E+01
   2.38500000E+00
  -1.22195100E+00
   1.22565663E+00
  -6.22960556E-03
   1.85620987E-01
   2.65652022E+01
   2.39000000E+00
  -1.21534611E+00
   1.17188761E+00
   5.99268333E-04
   1.78956928E-01
   2.41569052E+01
   2.39500000E+00
  -1.20991046E+00
   1.16150498E+00
   3.47307500E-03
   1.75781789E-01
   2.33348189E+01
   2.40000000E+00
  -1.20457665E+00
   1.13337927E+00
  -6.44434444E-04
   1.68712881E-01
   2.16757593E+01
