       x:             approx:          exact:       relative error
0.00000000E+00    0.00000000E+00    0.00000000E+00    NAN               
1.00100100E-03    1.79641920E-02    8.95912105E-03    2.22173158E-03    
2.00200200E-03    2.67972839E-02    1.78190390E-02    -2.97692828E-01   
3.00300300E-03    3.55323580E-02    2.65807419E-02    -4.72665646E-01   
4.00400400E-03    4.41703905E-02    3.52452079E-02    -5.96482969E-01   
5.00500501E-03    5.27123478E-02    4.38134056E-02    -6.92268627E-01   
6.00600601E-03    6.11591870E-02    5.22862938E-02    -7.70322608E-01   
7.00700701E-03    6.95118553E-02    6.06648218E-02    -8.36139255E-01   
8.00800801E-03    7.77712908E-02    6.89499294E-02    -8.92998212E-01   
9.00900901E-03    8.59384221E-02    7.71425472E-02    -9.43014929E-01   
1.00100100E-02    9.40141685E-02    8.52435962E-02    -9.87633830E-01   
1.10110110E-02    1.01999440E-01    9.32539886E-02    -1.02788517E+00   
1.20120120E-02    1.09895138E-01    1.01174627E-01    -1.06452967E+00   
1.30130130E-02    1.17702155E-01    1.09006406E-01    -1.09814503E+00   
1.40140140E-02    1.25421374E-01    1.16750210E-01    -1.12918030E+00   
1.50150150E-02    1.33053669E-01    1.24406916E-01    -1.15799148E+00   
1.60160160E-02    1.40599906E-01    1.31977391E-01    -1.18486557E+00   
1.70170170E-02    1.48060942E-01    1.39462493E-01    -1.21003731E+00   
1.80180180E-02    1.55437627E-01    1.46863074E-01    -1.23370116E+00   
1.90190190E-02    1.62730799E-01    1.54179975E-01    -1.25602002E+00   
2.00200200E-02    1.69941291E-01    1.61414029E-01    -1.27713170E+00   
2.10210210E-02    1.77069926E-01    1.68566063E-01    -1.29715385E+00   
2.20220220E-02    1.84117520E-01    1.75636891E-01    -1.31618767E+00   
2.30230230E-02    1.91084880E-01    1.82627324E-01    -1.33432088E+00   
2.40240240E-02    1.97972805E-01    1.89538163E-01    -1.35162999E+00   
2.50250250E-02    2.04782086E-01    1.96370199E-01    -1.36818214E+00   
2.60260260E-02    2.11513506E-01    2.03124218E-01    -1.38403658E+00   
2.70270270E-02    2.18167841E-01    2.09800997E-01    -1.39924584E+00   
2.80280280E-02    2.24745859E-01    2.16401305E-01    -1.41385671E+00   
2.90290290E-02    2.31248320E-01    2.22925903E-01    -1.42791109E+00   
3.00300300E-02    2.37675976E-01    2.29375547E-01    -1.44144659E+00   
3.10310310E-02    2.44029572E-01    2.35750982E-01    -1.45449714E+00   
3.20320320E-02    2.50309847E-01    2.42052948E-01    -1.46709342E+00   
3.30330330E-02    2.56517530E-01    2.48282176E-01    -1.47926330E+00   
3.40340340E-02    2.62653344E-01    2.54439391E-01    -1.49103215E+00   
3.50350350E-02    2.68718005E-01    2.60525310E-01    -1.50242313E+00   
3.60360360E-02    2.74712223E-01    2.66540644E-01    -1.51345745E+00   
3.70370370E-02    2.80636697E-01    2.72486094E-01    -1.52415458E+00   
3.80380380E-02    2.86492124E-01    2.78362358E-01    -1.53453242E+00   
3.90390390E-02    2.92279191E-01    2.84170124E-01    -1.54460750E+00   
4.00400400E-02    2.97998579E-01    2.89910074E-01    -1.55439508E+00   
4.10410410E-02    3.03650961E-01    2.95582885E-01    -1.56390930E+00   
4.20420420E-02    3.09237006E-01    3.01189225E-01    -1.57316328E+00   
4.30430430E-02    3.14757373E-01    3.06729755E-01    -1.58216920E+00   
4.40440440E-02    3.20212718E-01    3.12205132E-01    -1.59093842E+00   
4.50450450E-02    3.25603687E-01    3.17616004E-01    -1.59948152E+00   
4.60460460E-02    3.30930922E-01    3.22963013E-01    -1.60780841E+00   
4.70470470E-02    3.36195058E-01    3.28246797E-01    -1.61592833E+00   
4.80480480E-02    3.41396723E-01    3.33467983E-01    -1.62384997E+00   
4.90490490E-02    3.46536540E-01    3.38627197E-01    -1.63158145E+00   
5.00500501E-02    3.51615124E-01    3.43725055E-01    -1.63913042E+00   
5.10510511E-02    3.56633085E-01    3.48762169E-01    -1.64650409E+00   
5.20520521E-02    3.61591027E-01    3.53739143E-01    -1.65370922E+00   
5.30530531E-02    3.66489548E-01    3.58656576E-01    -1.66075220E+00   
5.40540541E-02    3.71329240E-01    3.63515062E-01    -1.66763907E+00   
5.50550551E-02    3.76110689E-01    3.68315187E-01    -1.67437553E+00   
5.60560561E-02    3.80834474E-01    3.73057533E-01    -1.68096698E+00   
5.70570571E-02    3.85501170E-01    3.77742675E-01    -1.68741853E+00   
5.80580581E-02    3.90111347E-01    3.82371183E-01    -1.69373501E+00   
5.90590591E-02    3.94665565E-01    3.86943621E-01    -1.69992104E+00   
6.00600601E-02    3.99164384E-01    3.91460548E-01    -1.70598097E+00   
6.10610611E-02    4.03608355E-01    3.95922517E-01    -1.71191897E+00   
6.20620621E-02    4.07998023E-01    4.00330074E-01    -1.71773897E+00   
6.30630631E-02    4.12333931E-01    4.04683762E-01    -1.72344474E+00   
6.40640641E-02    4.16616613E-01    4.08984117E-01    -1.72903987E+00   
6.50650651E-02    4.20846599E-01    4.13231671E-01    -1.73452778E+00   
6.60660661E-02    4.25024415E-01    4.17426949E-01    -1.73991172E+00   
6.70670671E-02    4.29150580E-01    4.21570473E-01    -1.74519483E+00   
6.80680681E-02    4.33225609E-01    4.25662757E-01    -1.75038007E+00   
6.90690691E-02    4.37250010E-01    4.29704312E-01    -1.75547031E+00   
7.00700701E-02    4.41224288E-01    4.33695643E-01    -1.76046826E+00   
7.10710711E-02    4.45148942E-01    4.37637251E-01    -1.76537654E+00   
7.20720721E-02    4.49024467E-01    4.41529630E-01    -1.77019766E+00   
7.30730731E-02    4.52851352E-01    4.45373271E-01    -1.77493402E+00   
7.40740741E-02    4.56630081E-01    4.49168660E-01    -1.77958792E+00   
7.50750751E-02    4.60361134E-01    4.52916277E-01    -1.78416158E+00   
7.60760761E-02    4.64044986E-01    4.56616598E-01    -1.78865712E+00   
7.70770771E-02    4.67682106E-01    4.60270093E-01    -1.79307659E+00   
7.80780781E-02    4.71272961E-01    4.63877230E-01    -1.79742194E+00   
7.90790791E-02    4.74818012E-01    4.67438470E-01    -1.80169508E+00   
8.00800801E-02    4.78317713E-01    4.70954270E-01    -1.80589782E+00   
8.10810811E-02    4.81772518E-01    4.74425083E-01    -1.81003191E+00   
8.20820821E-02    4.85182873E-01    4.77851357E-01    -1.81409905E+00   
8.30830831E-02    4.88549221E-01    4.81233535E-01    -1.81810086E+00   
8.40840841E-02    4.91872000E-01    4.84572057E-01    -1.82203891E+00   
8.50850851E-02    4.95151644E-01    4.87867358E-01    -1.82591472E+00   
8.60860861E-02    4.98388584E-01    4.91119867E-01    -1.82972975E+00   
8.70870871E-02    5.01583243E-01    4.94330011E-01    -1.83348541E+00   
8.80880881E-02    5.04736044E-01    4.97498213E-01    -1.83718308E+00   
8.90890891E-02    5.07847403E-01    5.00624889E-01    -1.84082406E+00   
9.00900901E-02    5.10917733E-01    5.03710454E-01    -1.84440964E+00   
9.10910911E-02    5.13947443E-01    5.06755317E-01    -1.84794105E+00   
9.20920921E-02    5.16936937E-01    5.09759883E-01    -1.85141948E+00   
9.30930931E-02    5.19886615E-01    5.12724554E-01    -1.85484609E+00   
9.40940941E-02    5.22796875E-01    5.15649727E-01    -1.85822200E+00   
9.50950951E-02    5.25668109E-01    5.18535796E-01    -1.86154830E+00   
9.60960961E-02    5.28500706E-01    5.21383149E-01    -1.86482603E+00   
9.70970971E-02    5.31295050E-01    5.24192173E-01    -1.86805622E+00   
9.80980981E-02    5.34051523E-01    5.26963249E-01    -1.87123985E+00   
9.90990991E-02    5.36770501E-01    5.29696756E-01    -1.87437788E+00   
1.00100100E-01    5.39452359E-01    5.32393067E-01    -1.87747125E+00   
1.01101101E-01    5.42097465E-01    5.35052553E-01    -1.88052085E+00   
1.02102102E-01    5.44706186E-01    5.37675580E-01    -1.88352756E+00   
1.03103103E-01    5.47278885E-01    5.40262513E-01    -1.88649223E+00   
1.04104104E-01    5.49815919E-01    5.42813710E-01    -1.88941570E+00   
1.05105105E-01    5.52317645E-01    5.45329527E-01    -1.89229875E+00   
1.06106106E-01    5.54784414E-01    5.47810317E-01    -1.89514219E+00   
1.07107107E-01    5.57216574E-01    5.50256428E-01    -1.89794676E+00   
1.08108108E-01    5.59614470E-01    5.52668206E-01    -1.90071320E+00   
1.09109109E-01    5.61978443E-01    5.55045993E-01    -1.90344224E+00   
1.10110110E-01    5.64308831E-01    5.57390128E-01    -1.90613458E+00   
1.11111111E-01    5.66605969E-01    5.59700946E-01    -1.90879088E+00   
1.12112112E-01    5.68870187E-01    5.61978777E-01    -1.91141183E+00   
1.13113113E-01    5.71101814E-01    5.64223952E-01    -1.91399806E+00   
1.14114114E-01    5.73301174E-01    5.66436795E-01    -1.91655021E+00   
1.15115115E-01    5.75468589E-01    5.68617629E-01    -1.91906888E+00   
1.16116116E-01    5.77604376E-01    5.70766771E-01    -1.92155468E+00   
1.17117117E-01    5.79708851E-01    5.72884539E-01    -1.92400818E+00   
1.18118118E-01    5.81782326E-01    5.74971243E-01    -1.92642996E+00   
1.19119119E-01    5.83825110E-01    5.77027195E-01    -1.92882057E+00   
1.20120120E-01    5.85837507E-01    5.79052699E-01    -1.93118054E+00   
1.21121121E-01    5.87819821E-01    5.81048060E-01    -1.93351042E+00   
1.22122122E-01    5.89772351E-01    5.83013577E-01    -1.93581070E+00   
1.23123123E-01    5.91695395E-01    5.84949547E-01    -1.93808190E+00   
1.24124124E-01    5.93589245E-01    5.86856266E-01    -1.94032450E+00   
1.25125125E-01    5.95454192E-01    5.88734024E-01    -1.94253898E+00   
1.26126126E-01    5.97290525E-01    5.90583110E-01    -1.94472581E+00   
1.27127127E-01    5.99098529E-01    5.92403809E-01    -1.94688545E+00   
1.28128128E-01    6.00878484E-01    5.94196404E-01    -1.94901834E+00   
1.29129129E-01    6.02630672E-01    5.95961176E-01    -1.95112491E+00   
1.30130130E-01    6.04355368E-01    5.97698400E-01    -1.95320561E+00   
1.31131131E-01    6.06052847E-01    5.99408352E-01    -1.95526083E+00   
1.32132132E-01    6.07723378E-01    6.01091303E-01    -1.95729100E+00   
1.33133133E-01    6.09367232E-01    6.02747522E-01    -1.95929650E+00   
1.34134134E-01    6.10984673E-01    6.04377276E-01    -1.96127773E+00   
1.35135135E-01    6.12575964E-01    6.05980827E-01    -1.96323506E+00   
1.36136136E-01    6.14141367E-01    6.07558438E-01    -1.96516888E+00   
1.37137137E-01    6.15681138E-01    6.09110366E-01    -1.96707955E+00   
1.38138138E-01    6.17195534E-01    6.10636866E-01    -1.96896742E+00   
1.39139139E-01    6.18684806E-01    6.12138193E-01    -1.97083284E+00   
1.40140140E-01    6.20149205E-01    6.13614598E-01    -1.97267616E+00   
1.41141141E-01    6.21588980E-01    6.15066327E-01    -1.97449771E+00   
1.42142142E-01    6.23004374E-01    6.16493628E-01    -1.97629782E+00   
1.43143143E-01    6.24395631E-01    6.17896743E-01    -1.97807681E+00   
1.44144144E-01    6.25762992E-01    6.19275913E-01    -1.97983500E+00   
1.45145145E-01    6.27106694E-01    6.20631377E-01    -1.98157269E+00   
1.46146146E-01    6.28426973E-01    6.21963371E-01    -1.98329019E+00   
1.47147147E-01    6.29724062E-01    6.23272128E-01    -1.98498780E+00   
1.48148148E-01    6.30998193E-01    6.24557881E-01    -1.98666580E+00   
1.49149149E-01    6.32249593E-01    6.25820858E-01    -1.98832448E+00   
1.50150150E-01    6.33478490E-01    6.27061285E-01    -1.98996411E+00   
1.51151151E-01    6.34685107E-01    6.28279389E-01    -1.99158499E+00   
1.52152152E-01    6.35869667E-01    6.29475390E-01    -1.99318736E+00   
1.53153153E-01    6.37032388E-01    6.30649510E-01    -1.99477150E+00   
1.54154154E-01    6.38173490E-01    6.31801966E-01    -1.99633767E+00   
1.55155155E-01    6.39293186E-01    6.32932973E-01    -1.99788611E+00   
1.56156156E-01    6.40391690E-01    6.34042746E-01    -1.99941708E+00   
1.57157157E-01    6.41469213E-01    6.35131497E-01    -2.00093082E+00   
1.58158158E-01    6.42525965E-01    6.36199433E-01    -2.00242757E+00   
1.59159159E-01    6.43562152E-01    6.37246763E-01    -2.00390756E+00   
1.60160160E-01    6.44577978E-01    6.38273692E-01    -2.00537104E+00   
1.61161161E-01    6.45573647E-01    6.39280423E-01    -2.00681821E+00   
1.62162162E-01    6.46549360E-01    6.40267158E-01    -2.00824932E+00   
1.63163163E-01    6.47505315E-01    6.41234095E-01    -2.00966456E+00   
1.64164164E-01    6.48441708E-01    6.42181431E-01    -2.01106417E+00   
1.65165165E-01    6.49358736E-01    6.43109362E-01    -2.01244835E+00   
1.66166166E-01    6.50256590E-01    6.44018082E-01    -2.01381731E+00   
1.67167167E-01    6.51135462E-01    6.44907781E-01    -2.01517124E+00   
1.68168168E-01    6.51995541E-01    6.45778649E-01    -2.01651036E+00   
1.69169169E-01    6.52837013E-01    6.46630873E-01    -2.01783486E+00   
1.70170170E-01    6.53660065E-01    6.47464640E-01    -2.01914493E+00   
1.71171171E-01    6.54464880E-01    6.48280133E-01    -2.02044076E+00   
1.72172172E-01    6.55251639E-01    6.49077533E-01    -2.02172253E+00   
1.73173173E-01    6.56020522E-01    6.49857022E-01    -2.02299044E+00   
1.74174174E-01    6.56771707E-01    6.50618778E-01    -2.02424466E+00   
1.75175175E-01    6.57505371E-01    6.51362977E-01    -2.02548537E+00   
1.76176176E-01    6.58221688E-01    6.52089794E-01    -2.02671274E+00   
1.77177177E-01    6.58920831E-01    6.52799402E-01    -2.02792695E+00   
1.78178178E-01    6.59602970E-01    6.53491973E-01    -2.02912816E+00   
1.79179179E-01    6.60268276E-01    6.54167676E-01    -2.03031654E+00   
1.80180180E-01    6.60916915E-01    6.54826679E-01    -2.03149225E+00   
1.81181181E-01    6.61549055E-01    6.55469150E-01    -2.03265545E+00   
1.82182182E-01    6.62164858E-01    6.56095251E-01    -2.03380631E+00   
1.83183183E-01    6.62764489E-01    6.56705147E-01    -2.03494497E+00   
1.84184184E-01    6.63348108E-01    6.57298999E-01    -2.03607159E+00   
1.85185185E-01    6.63915874E-01    6.57876966E-01    -2.03718632E+00   
1.86186186E-01    6.64467945E-01    6.58439208E-01    -2.03828931E+00   
1.87187187E-01    6.65004478E-01    6.58985879E-01    -2.03938070E+00   
1.88188188E-01    6.65525628E-01    6.59517136E-01    -2.04046063E+00   
1.89189189E-01    6.66031547E-01    6.60033132E-01    -2.04152926E+00   
1.90190190E-01    6.66522388E-01    6.60534020E-01    -2.04258671E+00   
1.91191191E-01    6.66998300E-01    6.61019948E-01    -2.04363312E+00   
1.92192192E-01    6.67459432E-01    6.61491068E-01    -2.04466864E+00   
1.93193193E-01    6.67905932E-01    6.61947525E-01    -2.04569338E+00   
1.94194194E-01    6.68337945E-01    6.62389466E-01    -2.04670749E+00   
1.95195195E-01    6.68755616E-01    6.62817036E-01    -2.04771109E+00   
1.96196196E-01    6.69159087E-01    6.63230378E-01    -2.04870430E+00   
1.97197197E-01    6.69548499E-01    6.63629633E-01    -2.04968725E+00   
1.98198198E-01    6.69923994E-01    6.64014942E-01    -2.05066008E+00   
1.99199199E-01    6.70285709E-01    6.64386444E-01    -2.05162288E+00   
2.00200200E-01    6.70633781E-01    6.64744276E-01    -2.05257579E+00   
2.01201201E-01    6.70968347E-01    6.65088574E-01    -2.05351893E+00   
2.02202202E-01    6.71289542E-01    6.65419474E-01    -2.05445240E+00   
2.03203203E-01    6.71597497E-01    6.65737108E-01    -2.05537633E+00   
2.04204204E-01    6.71892345E-01    6.66041609E-01    -2.05629082E+00   
2.05205205E-01    6.72174218E-01    6.66333107E-01    -2.05719599E+00   
2.06206206E-01    6.72443243E-01    6.66611733E-01    -2.05809194E+00   
2.07207207E-01    6.72699549E-01    6.66877614E-01    -2.05897879E+00   
2.08208208E-01    6.72943262E-01    6.67130877E-01    -2.05985664E+00   
2.09209209E-01    6.73174508E-01    6.67371647E-01    -2.06072558E+00   
2.10210210E-01    6.73393412E-01    6.67600051E-01    -2.06158574E+00   
2.11211211E-01    6.73600096E-01    6.67816209E-01    -2.06243721E+00   
2.12212212E-01    6.73794681E-01    6.68020245E-01    -2.06328008E+00   
2.13213213E-01    6.73977289E-01    6.68212280E-01    -2.06411446E+00   
2.14214214E-01    6.74148038E-01    6.68392432E-01    -2.06494045E+00   
2.15215215E-01    6.74307047E-01    6.68560820E-01    -2.06575814E+00   
2.16216216E-01    6.74454433E-01    6.68717561E-01    -2.06656762E+00   
2.17217217E-01    6.74590311E-01    6.68862772E-01    -2.06736899E+00   
2.18218218E-01    6.74714796E-01    6.68996566E-01    -2.06816234E+00   
2.19219219E-01    6.74828001E-01    6.69119059E-01    -2.06894777E+00   
2.20220220E-01    6.74930039E-01    6.69230362E-01    -2.06972536E+00   
2.21221221E-01    6.75021022E-01    6.69330587E-01    -2.07049520E+00   
2.22222222E-01    6.75101058E-01    6.69419843E-01    -2.07125737E+00   
2.23223223E-01    6.75170258E-01    6.69498242E-01    -2.07201197E+00   
2.24224224E-01    6.75228729E-01    6.69565889E-01    -2.07275908E+00   
2.25225225E-01    6.75276578E-01    6.69622894E-01    -2.07349878E+00   
2.26226226E-01    6.75313910E-01    6.69669361E-01    -2.07423115E+00   
2.27227227E-01    6.75340832E-01    6.69705396E-01    -2.07495628E+00   
2.28228228E-01    6.75357445E-01    6.69731102E-01    -2.07567425E+00   
2.29229229E-01    6.75363853E-01    6.69746582E-01    -2.07638513E+00   
2.30230230E-01    6.75360158E-01    6.69751939E-01    -2.07708901E+00   
2.31231231E-01    6.75346460E-01    6.69747273E-01    -2.07778596E+00   
2.32232232E-01    6.75322859E-01    6.69732684E-01    -2.07847605E+00   
2.33233233E-01    6.75289453E-01    6.69708270E-01    -2.07915937E+00   
2.34234234E-01    6.75246341E-01    6.69674130E-01    -2.07983599E+00   
2.35235235E-01    6.75193618E-01    6.69630360E-01    -2.08050598E+00   
2.36236236E-01    6.75131380E-01    6.69577057E-01    -2.08116941E+00   
2.37237237E-01    6.75059723E-01    6.69514315E-01    -2.08182635E+00   
2.38238238E-01    6.74978740E-01    6.69442229E-01    -2.08247688E+00   
2.39239239E-01    6.74888524E-01    6.69360890E-01    -2.08312107E+00   
2.40240240E-01    6.74789167E-01    6.69270393E-01    -2.08375898E+00   
2.41241241E-01    6.74680760E-01    6.69170827E-01    -2.08439068E+00   
2.42242242E-01    6.74563393E-01    6.69062283E-01    -2.08501623E+00   
2.43243243E-01    6.74437155E-01    6.68944851E-01    -2.08563572E+00   
2.44244244E-01    6.74302135E-01    6.68818619E-01    -2.08624919E+00   
2.45245245E-01    6.74158420E-01    6.68683674E-01    -2.08685671E+00   
2.46246246E-01    6.74006097E-01    6.68540104E-01    -2.08745836E+00   
2.47247247E-01    6.73845252E-01    6.68387994E-01    -2.08805418E+00   
2.48248248E-01    6.73675969E-01    6.68227430E-01    -2.08864425E+00   
2.49249249E-01    6.73498332E-01    6.68058495E-01    -2.08922862E+00   
2.50250250E-01    6.73312425E-01    6.67881274E-01    -2.08980736E+00   
2.51251251E-01    6.73118330E-01    6.67695847E-01    -2.09038052E+00   
2.52252252E-01    6.72916128E-01    6.67502299E-01    -2.09094816E+00   
2.53253253E-01    6.72705901E-01    6.67300708E-01    -2.09151035E+00   
2.54254254E-01    6.72487728E-01    6.67091156E-01    -2.09206714E+00   
2.55255255E-01    6.72261689E-01    6.66873721E-01    -2.09261858E+00   
2.56256256E-01    6.72027861E-01    6.66648482E-01    -2.09316474E+00   
2.57257257E-01    6.71786323E-01    6.66415517E-01    -2.09370566E+00   
2.58258258E-01    6.71537150E-01    6.66174903E-01    -2.09424141E+00   
2.59259259E-01    6.71280420E-01    6.65926716E-01    -2.09477203E+00   
2.60260260E-01    6.71016207E-01    6.65671031E-01    -2.09529759E+00   
2.61261261E-01    6.70744586E-01    6.65407923E-01    -2.09581813E+00   
2.62262262E-01    6.70465631E-01    6.65137466E-01    -2.09633371E+00   
2.63263263E-01    6.70179415E-01    6.64859733E-01    -2.09684437E+00   
2.64264264E-01    6.69886010E-01    6.64574797E-01    -2.09735018E+00   
2.65265265E-01    6.69585487E-01    6.64282729E-01    -2.09785117E+00   
2.66266266E-01    6.69277918E-01    6.63983601E-01    -2.09834740E+00   
2.67267267E-01    6.68963373E-01    6.63677483E-01    -2.09883892E+00   
2.68268268E-01    6.68641921E-01    6.63364444E-01    -2.09932578E+00   
2.69269269E-01    6.68313631E-01    6.63044553E-01    -2.09980803E+00   
2.70270270E-01    6.67978572E-01    6.62717879E-01    -2.10028570E+00   
2.71271271E-01    6.67636810E-01    6.62384488E-01    -2.10075886E+00   
2.72272272E-01    6.67288412E-01    6.62044449E-01    -2.10122755E+00   
2.73273273E-01    6.66933445E-01    6.61697827E-01    -2.10169180E+00   
2.74274274E-01    6.66571973E-01    6.61344688E-01    -2.10215167E+00   
2.75275275E-01    6.66204062E-01    6.60985097E-01    -2.10260721E+00   
2.76276276E-01    6.65829776E-01    6.60619117E-01    -2.10305845E+00   
2.77277277E-01    6.65449179E-01    6.60246813E-01    -2.10350545E+00   
2.78278278E-01    6.65062332E-01    6.59868248E-01    -2.10394823E+00   
2.79279279E-01    6.64669299E-01    6.59483483E-01    -2.10438686E+00   
2.80280280E-01    6.64270141E-01    6.59092582E-01    -2.10482136E+00   
2.81281281E-01    6.63864919E-01    6.58695604E-01    -2.10525178E+00   
2.82282282E-01    6.63453693E-01    6.58292610E-01    -2.10567817E+00   
2.83283283E-01    6.63036523E-01    6.57883661E-01    -2.10610056E+00   
2.84284284E-01    6.62613469E-01    6.57468815E-01    -2.10651899E+00   
2.85285285E-01    6.62184589E-01    6.57048132E-01    -2.10693350E+00   
2.86286286E-01    6.61749941E-01    6.56621669E-01    -2.10734414E+00   
2.87287287E-01    6.61309583E-01    6.56189484E-01    -2.10775094E+00   
2.88288288E-01    6.60863570E-01    6.55751634E-01    -2.10815394E+00   
2.89289289E-01    6.60411961E-01    6.55308176E-01    -2.10855318E+00   
2.90290290E-01    6.59954810E-01    6.54859164E-01    -2.10894869E+00   
2.91291291E-01    6.59492172E-01    6.54404656E-01    -2.10934052E+00   
2.92292292E-01    6.59024103E-01    6.53944704E-01    -2.10972870E+00   
2.93293293E-01    6.58550656E-01    6.53479365E-01    -2.11011327E+00   
2.94294294E-01    6.58071886E-01    6.53008690E-01    -2.11049426E+00   
2.95295295E-01    6.57587844E-01    6.52532734E-01    -2.11087171E+00   
2.96296296E-01    6.57098583E-01    6.52051549E-01    -2.11124565E+00   
2.97297297E-01    6.56604156E-01    6.51565187E-01    -2.11161612E+00   
2.98298298E-01    6.56104614E-01    6.51073699E-01    -2.11198315E+00   
2.99299299E-01    6.55600008E-01    6.50577137E-01    -2.11234679E+00   
3.00300300E-01    6.55090388E-01    6.50075551E-01    -2.11270705E+00   
3.01301301E-01    6.54575804E-01    6.49568992E-01    -2.11306398E+00   
3.02302302E-01    6.54056306E-01    6.49057508E-01    -2.11341761E+00   
3.03303303E-01    6.53531943E-01    6.48541149E-01    -2.11376796E+00   
3.04304304E-01    6.53002762E-01    6.48019964E-01    -2.11411508E+00   
3.05305305E-01    6.52468813E-01    6.47494000E-01    -2.11445900E+00   
3.06306306E-01    6.51930142E-01    6.46963305E-01    -2.11479974E+00   
3.07307307E-01    6.51386797E-01    6.46427926E-01    -2.11513734E+00   
3.08308308E-01    6.50838824E-01    6.45887910E-01    -2.11547182E+00   
3.09309309E-01    6.50286269E-01    6.45343303E-01    -2.11580323E+00   
3.10310310E-01    6.49729178E-01    6.44794151E-01    -2.11613158E+00   
3.11311311E-01    6.49167596E-01    6.44240499E-01    -2.11645692E+00   
3.12312312E-01    6.48601567E-01    6.43682391E-01    -2.11677926E+00   
3.13313313E-01    6.48031137E-01    6.43119873E-01    -2.11709864E+00   
3.14314314E-01    6.47456349E-01    6.42552988E-01    -2.11741509E+00   
3.15315315E-01    6.46877246E-01    6.41981780E-01    -2.11772863E+00   
3.16316316E-01    6.46293871E-01    6.41406291E-01    -2.11803930E+00   
3.17317317E-01    6.45706267E-01    6.40826564E-01    -2.11834712E+00   
3.18318318E-01    6.45114476E-01    6.40242642E-01    -2.11865211E+00   
3.19319319E-01    6.44518540E-01    6.39654567E-01    -2.11895432E+00   
3.20320320E-01    6.43918500E-01    6.39062379E-01    -2.11925376E+00   
3.21321321E-01    6.43314396E-01    6.38466120E-01    -2.11955046E+00   
3.22322322E-01    6.42706270E-01    6.37865830E-01    -2.11984445E+00   
3.23323323E-01    6.42094161E-01    6.37261549E-01    -2.12013575E+00   
3.24324324E-01    6.41478109E-01    6.36653317E-01    -2.12042440E+00   
3.25325325E-01    6.40858154E-01    6.36041174E-01    -2.12071041E+00   
3.26326326E-01    6.40234333E-01    6.35425158E-01    -2.12099381E+00   
3.27327327E-01    6.39606687E-01    6.34805308E-01    -2.12127462E+00   
3.28328328E-01    6.38975252E-01    6.34181663E-01    -2.12155288E+00   
3.29329329E-01    6.38340066E-01    6.33554259E-01    -2.12182861E+00   
3.30330330E-01    6.37701168E-01    6.32923135E-01    -2.12210182E+00   
3.31331331E-01    6.37058593E-01    6.32288327E-01    -2.12237255E+00   
3.32332332E-01    6.36412379E-01    6.31649872E-01    -2.12264082E+00   
3.33333333E-01    6.35762561E-01    6.31007807E-01    -2.12290665E+00   
3.34334334E-01    6.35109176E-01    6.30362167E-01    -2.12317006E+00   
3.35335335E-01    6.34452259E-01    6.29712988E-01    -2.12343109E+00   
3.36336336E-01    6.33791846E-01    6.29060305E-01    -2.12368975E+00   
3.37337337E-01    6.33127970E-01    6.28404154E-01    -2.12394606E+00   
3.38338338E-01    6.32460667E-01    6.27744568E-01    -2.12420004E+00   
3.39339339E-01    6.31789971E-01    6.27081583E-01    -2.12445173E+00   
3.40340340E-01    6.31115916E-01    6.26415231E-01    -2.12470114E+00   
3.41341341E-01    6.30438535E-01    6.25745546E-01    -2.12494829E+00   
3.42342342E-01    6.29757860E-01    6.25072562E-01    -2.12519321E+00   
3.43343343E-01    6.29073926E-01    6.24396311E-01    -2.12543591E+00   
3.44344344E-01    6.28386764E-01    6.23716827E-01    -2.12567641E+00   
3.45345345E-01    6.27696406E-01    6.23034140E-01    -2.12591475E+00   
3.46346346E-01    6.27002885E-01    6.22348283E-01    -2.12615093E+00   
3.47347347E-01    6.26306232E-01    6.21659288E-01    -2.12638499E+00   
3.48348348E-01    6.25606478E-01    6.20967186E-01    -2.12661693E+00   
3.49349349E-01    6.24903654E-01    6.20272008E-01    -2.12684678E+00   
3.50350350E-01    6.24197791E-01    6.19573784E-01    -2.12707456E+00   
3.51351351E-01    6.23488918E-01    6.18872544E-01    -2.12730029E+00   
3.52352352E-01    6.22777066E-01    6.18168320E-01    -2.12752398E+00   
3.53353353E-01    6.22062264E-01    6.17461140E-01    -2.12774567E+00   
3.54354354E-01    6.21344543E-01    6.16751034E-01    -2.12796536E+00   
3.55355355E-01    6.20623930E-01    6.16038031E-01    -2.12818307E+00   
3.56356356E-01    6.19900455E-01    6.15322161E-01    -2.12839883E+00   
3.57357357E-01    6.19174146E-01    6.14603450E-01    -2.12861265E+00   
3.58358358E-01    6.18445032E-01    6.13881929E-01    -2.12882455E+00   
3.59359359E-01    6.17713140E-01    6.13157624E-01    -2.12903455E+00   
3.60360360E-01    6.16978499E-01    6.12430564E-01    -2.12924267E+00   
3.61361361E-01    6.16241134E-01    6.11700776E-01    -2.12944892E+00   
3.62362362E-01    6.15501074E-01    6.10968287E-01    -2.12965332E+00   
3.63363363E-01    6.14758346E-01    6.10233124E-01    -2.12985589E+00   
3.64364364E-01    6.14012976E-01    6.09495314E-01    -2.13005665E+00   
3.65365365E-01    6.13264990E-01    6.08754883E-01    -2.13025561E+00   
3.66366366E-01    6.12514414E-01    6.08011857E-01    -2.13045280E+00   
3.67367367E-01    6.11761275E-01    6.07266262E-01    -2.13064821E+00   
3.68368368E-01    6.11005597E-01    6.06518123E-01    -2.13084189E+00   
3.69369369E-01    6.10247406E-01    6.05767467E-01    -2.13103383E+00   
3.70370370E-01    6.09486727E-01    6.05014317E-01    -2.13122406E+00   
3.71371371E-01    6.08723585E-01    6.04258700E-01    -2.13141259E+00   
3.72372372E-01    6.07958004E-01    6.03500638E-01    -2.13159943E+00   
3.73373373E-01    6.07190009E-01    6.02740158E-01    -2.13178461E+00   
3.74374374E-01    6.06419624E-01    6.01977282E-01    -2.13196815E+00   
3.75375375E-01    6.05646872E-01    6.01212035E-01    -2.13215004E+00   
3.76376376E-01    6.04871777E-01    6.00444440E-01    -2.13233032E+00   
3.77377377E-01    6.04094362E-01    5.99674522E-01    -2.13250899E+00   
3.78378378E-01    6.03314651E-01    5.98902302E-01    -2.13268606E+00   
3.79379379E-01    6.02532666E-01    5.98127803E-01    -2.13286157E+00   
3.80380380E-01    6.01748431E-01    5.97351049E-01    -2.13303551E+00   
3.81381381E-01    6.00961966E-01    5.96572063E-01    -2.13320791E+00   
3.82382382E-01    6.00173296E-01    5.95790865E-01    -2.13337878E+00   
3.83383383E-01    5.99382440E-01    5.95007478E-01    -2.13354812E+00   
3.84384384E-01    5.98589423E-01    5.94221925E-01    -2.13371597E+00   
3.85385385E-01    5.97794264E-01    5.93434226E-01    -2.13388232E+00   
3.86386386E-01    5.96996985E-01    5.92644403E-01    -2.13404720E+00   
3.87387387E-01    5.96197608E-01    5.91852477E-01    -2.13421062E+00   
3.88388388E-01    5.95396153E-01    5.91058469E-01    -2.13437259E+00   
3.89389389E-01    5.94592640E-01    5.90262400E-01    -2.13453312E+00   
3.90390390E-01    5.93787091E-01    5.89464290E-01    -2.13469224E+00   
3.91391391E-01    5.92979526E-01    5.88664160E-01    -2.13484994E+00   
3.92392392E-01    5.92169965E-01    5.87862030E-01    -2.13500625E+00   
3.93393393E-01    5.91358427E-01    5.87057919E-01    -2.13516117E+00   
3.94394394E-01    5.90544933E-01    5.86251848E-01    -2.13531473E+00   
3.95395395E-01    5.89729502E-01    5.85443836E-01    -2.13546692E+00   
3.96396396E-01    5.88912152E-01    5.84633902E-01    -2.13561778E+00   
3.97397397E-01    5.88092904E-01    5.83822065E-01    -2.13576730E+00   
3.98398398E-01    5.87271776E-01    5.83008345E-01    -2.13591550E+00   
3.99399399E-01    5.86448787E-01    5.82192760E-01    -2.13606239E+00   
4.00400400E-01    5.85623955E-01    5.81375328E-01    -2.13620798E+00   
4.01401401E-01    5.84797299E-01    5.80556069E-01    -2.13635230E+00   
4.02402402E-01    5.83968837E-01    5.79735000E-01    -2.13649534E+00   
4.03403403E-01    5.83138587E-01    5.78912139E-01    -2.13663711E+00   
4.04404404E-01    5.82306567E-01    5.78087504E-01    -2.13677764E+00   
4.05405405E-01    5.81472794E-01    5.77261114E-01    -2.13691694E+00   
4.06406406E-01    5.80637285E-01    5.76432984E-01    -2.13705500E+00   
4.07407407E-01    5.79800059E-01    5.75603133E-01    -2.13719185E+00   
4.08408408E-01    5.78961132E-01    5.74771578E-01    -2.13732750E+00   
4.09409409E-01    5.78120521E-01    5.73938336E-01    -2.13746196E+00   
4.10410410E-01    5.77278244E-01    5.73103423E-01    -2.13759523E+00   
4.11411411E-01    5.76434315E-01    5.72266857E-01    -2.13772733E+00   
4.12412412E-01    5.75588753E-01    5.71428653E-01    -2.13785827E+00   
4.13413413E-01    5.74741573E-01    5.70588828E-01    -2.13798806E+00   
4.14414414E-01    5.73892791E-01    5.69747399E-01    -2.13811672E+00   
4.15415415E-01    5.73042423E-01    5.68904380E-01    -2.13824424E+00   
4.16416416E-01    5.72190486E-01    5.68059788E-01    -2.13837064E+00   
4.17417417E-01    5.71336994E-01    5.67213639E-01    -2.13849594E+00   
4.18418418E-01    5.70481964E-01    5.66365948E-01    -2.13862014E+00   
4.19419419E-01    5.69625410E-01    5.65516731E-01    -2.13874325E+00   
4.20420420E-01    5.68767347E-01    5.64666002E-01    -2.13886528E+00   
4.21421421E-01    5.67907792E-01    5.63813777E-01    -2.13898625E+00   
4.22422422E-01    5.67046758E-01    5.62960070E-01    -2.13910615E+00   
4.23423423E-01    5.66184260E-01    5.62104897E-01    -2.13922501E+00   
4.24424424E-01    5.65320314E-01    5.61248272E-01    -2.13934282E+00   
4.25425425E-01    5.64454933E-01    5.60390210E-01    -2.13945961E+00   
4.26426426E-01    5.63588131E-01    5.59530724E-01    -2.13957537E+00   
4.27427427E-01    5.62719923E-01    5.58669829E-01    -2.13969013E+00   
4.28428428E-01    5.61850323E-01    5.57807539E-01    -2.13980388E+00   
4.29429429E-01    5.60979344E-01    5.56943868E-01    -2.13991664E+00   
4.30430430E-01    5.60107001E-01    5.56078830E-01    -2.14002841E+00   
4.31431431E-01    5.59233307E-01    5.55212438E-01    -2.14013921E+00   
4.32432432E-01    5.58358275E-01    5.54344705E-01    -2.14024904E+00   
4.33433433E-01    5.57481919E-01    5.53475646E-01    -2.14035792E+00   
4.34434434E-01    5.56604252E-01    5.52605273E-01    -2.14046585E+00   
4.35435435E-01    5.55725287E-01    5.51733599E-01    -2.14057283E+00   
4.36436436E-01    5.54845037E-01    5.50860638E-01    -2.14067889E+00   
4.37437437E-01    5.53963515E-01    5.49986402E-01    -2.14078402E+00   
4.38438438E-01    5.53080733E-01    5.49110904E-01    -2.14088823E+00   
4.39439439E-01    5.52196704E-01    5.48234156E-01    -2.14099154E+00   
4.40440440E-01    5.51311440E-01    5.47356171E-01    -2.14109395E+00   
4.41441441E-01    5.50424954E-01    5.46476961E-01    -2.14119547E+00   
4.42442442E-01    5.49537258E-01    5.45596539E-01    -2.14129611E+00   
4.43443443E-01    5.48648364E-01    5.44714916E-01    -2.14139587E+00   
4.44444444E-01    5.47758284E-01    5.43832105E-01    -2.14149477E+00   
4.45445445E-01    5.46867029E-01    5.42948117E-01    -2.14159281E+00   
4.46446446E-01    5.45974611E-01    5.42062964E-01    -2.14168999E+00   
4.47447447E-01    5.45081043E-01    5.41176657E-01    -2.14178633E+00   
4.48448448E-01    5.44186335E-01    5.40289209E-01    -2.14188184E+00   
4.49449449E-01    5.43290498E-01    5.39400630E-01    -2.14197652E+00   
4.50450450E-01    5.42393545E-01    5.38510931E-01    -2.14207038E+00   
4.51451451E-01    5.41495485E-01    5.37620125E-01    -2.14216342E+00   
4.52452452E-01    5.40596331E-01    5.36728222E-01    -2.14225566E+00   
4.53453453E-01    5.39696093E-01    5.35835232E-01    -2.14234710E+00   
4.54454454E-01    5.38794781E-01    5.34941167E-01    -2.14243775E+00   
4.55455455E-01    5.37892407E-01    5.34046037E-01    -2.14252762E+00   
4.56456456E-01    5.36988982E-01    5.33149854E-01    -2.14261670E+00   
4.57457457E-01    5.36084514E-01    5.32252626E-01    -2.14270502E+00   
4.58458458E-01    5.35179016E-01    5.31354366E-01    -2.14279257E+00   
4.59459459E-01    5.34272497E-01    5.30455083E-01    -2.14287937E+00   
4.60460460E-01    5.33364967E-01    5.29554787E-01    -2.14296541E+00   
4.61461461E-01    5.32456437E-01    5.28653489E-01    -2.14305071E+00   
4.62462462E-01    5.31546916E-01    5.27751198E-01    -2.14313528E+00   
4.63463463E-01    5.30636414E-01    5.26847924E-01    -2.14321911E+00   
4.64464464E-01    5.29724941E-01    5.25943677E-01    -2.14330223E+00   
4.65465465E-01    5.28812507E-01    5.25038467E-01    -2.14338462E+00   
4.66466466E-01    5.27899122E-01    5.24132304E-01    -2.14346631E+00   
4.67467467E-01    5.26984794E-01    5.23225196E-01    -2.14354729E+00   
4.68468468E-01    5.26069533E-01    5.22317154E-01    -2.14362757E+00   
4.69469469E-01    5.25153349E-01    5.21408186E-01    -2.14370716E+00   
4.70470470E-01    5.24236250E-01    5.20498302E-01    -2.14378607E+00   
4.71471471E-01    5.23318246E-01    5.19587511E-01    -2.14386429E+00   
4.72472472E-01    5.22399346E-01    5.18675822E-01    -2.14394184E+00   
4.73473473E-01    5.21479558E-01    5.17763243E-01    -2.14401873E+00   
4.74474474E-01    5.20558892E-01    5.16849785E-01    -2.14409495E+00   
4.75475475E-01    5.19637356E-01    5.15935455E-01    -2.14417052E+00   
4.76476476E-01    5.18714960E-01    5.15020262E-01    -2.14424544E+00   
4.77477477E-01    5.17791710E-01    5.14104215E-01    -2.14431972E+00   
4.78478478E-01    5.16867617E-01    5.13187323E-01    -2.14439335E+00   
4.79479479E-01    5.15942688E-01    5.12269593E-01    -2.14446636E+00   
4.80480480E-01    5.15016932E-01    5.11351034E-01    -2.14453874E+00   
4.81481481E-01    5.14090357E-01    5.10431654E-01    -2.14461049E+00   
4.82482482E-01    5.13162971E-01    5.09511462E-01    -2.14468163E+00   
4.83483483E-01    5.12234782E-01    5.08590466E-01    -2.14475217E+00   
4.84484484E-01    5.11305798E-01    5.07668673E-01    -2.14482209E+00   
4.85485485E-01    5.10376028E-01    5.06746092E-01    -2.14489142E+00   
4.86486486E-01    5.09445478E-01    5.05822730E-01    -2.14496015E+00   
4.87487487E-01    5.08514157E-01    5.04898595E-01    -2.14502830E+00   
4.88488488E-01    5.07582073E-01    5.03973695E-01    -2.14509586E+00   
4.89489489E-01    5.06649232E-01    5.03048037E-01    -2.14516284E+00   
4.90490490E-01    5.05715643E-01    5.02121630E-01    -2.14522925E+00   
4.91491491E-01    5.04781313E-01    5.01194480E-01    -2.14529509E+00   
4.92492492E-01    5.03846250E-01    5.00266595E-01    -2.14536037E+00   
4.93493493E-01    5.02910460E-01    4.99337982E-01    -2.14542508E+00   
4.94494494E-01    5.01973951E-01    4.98408649E-01    -2.14548925E+00   
4.95495495E-01    5.01036730E-01    4.97478602E-01    -2.14555287E+00   
4.96496496E-01    5.00098804E-01    4.96547849E-01    -2.14561594E+00   
4.97497497E-01    4.99160181E-01    4.95616397E-01    -2.14567848E+00   
4.98498498E-01    4.98220866E-01    4.94684253E-01    -2.14574048E+00   
4.99499499E-01    4.97280868E-01    4.93751423E-01    -2.14580196E+00   
5.00500501E-01    4.96340192E-01    4.92817914E-01    -2.14586290E+00   
5.01501502E-01    4.95398846E-01    4.91883734E-01    -2.14592333E+00   
5.02502503E-01    4.94456836E-01    4.90948889E-01    -2.14598325E+00   
5.03503504E-01    4.93514169E-01    4.90013385E-01    -2.14604265E+00   
5.04504505E-01    4.92570852E-01    4.89077230E-01    -2.14610155E+00   
5.05505506E-01    4.91626890E-01    4.88140429E-01    -2.14615994E+00   
5.06506507E-01    4.90682291E-01    4.87202989E-01    -2.14621784E+00   
5.07507508E-01    4.89737060E-01    4.86264916E-01    -2.14627525E+00   
5.08508509E-01    4.88791204E-01    4.85326217E-01    -2.14633216E+00   
5.09509510E-01    4.87844729E-01    4.84386898E-01    -2.14638859E+00   
5.10510511E-01    4.86897642E-01    4.83446965E-01    -2.14644455E+00   
5.11511512E-01    4.85949948E-01    4.82506425E-01    -2.14650002E+00   
5.12512513E-01    4.85001654E-01    4.81565282E-01    -2.14655503E+00   
5.13513514E-01    4.84052765E-01    4.80623544E-01    -2.14660957E+00   
5.14514515E-01    4.83103287E-01    4.79681216E-01    -2.14666364E+00   
5.15515516E-01    4.82153227E-01    4.78738304E-01    -2.14671726E+00   
5.16516517E-01    4.81202590E-01    4.77794814E-01    -2.14677042E+00   
5.17517518E-01    4.80251381E-01    4.76850752E-01    -2.14682313E+00   
5.18518519E-01    4.79299607E-01    4.75906122E-01    -2.14687539E+00   
5.19519520E-01    4.78347273E-01    4.74960932E-01    -2.14692721E+00   
5.20520521E-01    4.77394385E-01    4.74015187E-01    -2.14697859E+00   
5.21521522E-01    4.76440948E-01    4.73068891E-01    -2.14702953E+00   
5.22522523E-01    4.75486968E-01    4.72122052E-01    -2.14708005E+00   
5.23523524E-01    4.74532449E-01    4.71174673E-01    -2.14713013E+00   
5.24524525E-01    4.73577399E-01    4.70226760E-01    -2.14717979E+00   
5.25525526E-01    4.72621821E-01    4.69278320E-01    -2.14722903E+00   
5.26526527E-01    4.71665721E-01    4.68329356E-01    -2.14727786E+00   
5.27527528E-01    4.70709104E-01    4.67379874E-01    -2.14732627E+00   
5.28528529E-01    4.69751975E-01    4.66429880E-01    -2.14737427E+00   
5.29529530E-01    4.68794340E-01    4.65479378E-01    -2.14742187E+00   
5.30530531E-01    4.67836203E-01    4.64528373E-01    -2.14746906E+00   
5.31531532E-01    4.66877570E-01    4.63576871E-01    -2.14751585E+00   
5.32532533E-01    4.65918446E-01    4.62624877E-01    -2.14756225E+00   
5.33533534E-01    4.64958834E-01    4.61672395E-01    -2.14760826E+00   
5.34534535E-01    4.63998741E-01    4.60719430E-01    -2.14765388E+00   
5.35535536E-01    4.63038171E-01    4.59765987E-01    -2.14769912E+00   
5.36536537E-01    4.62077128E-01    4.58812071E-01    -2.14774397E+00   
5.37537538E-01    4.61115618E-01    4.57857686E-01    -2.14778844E+00   
5.38538539E-01    4.60153645E-01    4.56902837E-01    -2.14783254E+00   
5.39539540E-01    4.59191214E-01    4.55947530E-01    -2.14787627E+00   
5.40540541E-01    4.58228329E-01    4.54991767E-01    -2.14791963E+00   
5.41541542E-01    4.57264995E-01    4.54035555E-01    -2.14796263E+00   
5.42542543E-01    4.56301216E-01    4.53078896E-01    -2.14800526E+00   
5.43543544E-01    4.55336996E-01    4.52121797E-01    -2.14804753E+00   
5.44544545E-01    4.54372341E-01    4.51164261E-01    -2.14808945E+00   
5.45545546E-01    4.53407254E-01    4.50206292E-01    -2.14813102E+00   
5.46546547E-01    4.52441740E-01    4.49247895E-01    -2.14817223E+00   
5.47547548E-01    4.51475803E-01    4.48289074E-01    -2.14821310E+00   
5.48548549E-01    4.50509447E-01    4.47329834E-01    -2.14825363E+00   
5.49549550E-01    4.49542676E-01    4.46370178E-01    -2.14829382E+00   
5.50550551E-01    4.48575495E-01    4.45410111E-01    -2.14833367E+00   
5.51551552E-01    4.47607907E-01    4.44449636E-01    -2.14837318E+00   
5.52552553E-01    4.46639917E-01    4.43488759E-01    -2.14841236E+00   
5.53553554E-01    4.45671529E-01    4.42527482E-01    -2.14845122E+00   
5.54554555E-01    4.44702746E-01    4.41565810E-01    -2.14848974E+00   
5.55555556E-01    4.43733573E-01    4.40603746E-01    -2.14852795E+00   
5.56556557E-01    4.42764013E-01    4.39641296E-01    -2.14856583E+00   
5.57557558E-01    4.41794070E-01    4.38678462E-01    -2.14860340E+00   
5.58558559E-01    4.40823749E-01    4.37715248E-01    -2.14864065E+00   
5.59559560E-01    4.39853052E-01    4.36751658E-01    -2.14867759E+00   
5.60560561E-01    4.38881984E-01    4.35787696E-01    -2.14871423E+00   
5.61561562E-01    4.37910548E-01    4.34823365E-01    -2.14875055E+00   
5.62562563E-01    4.36938748E-01    4.33858670E-01    -2.14878657E+00   
5.63563564E-01    4.35966588E-01    4.32893614E-01    -2.14882229E+00   
5.64564565E-01    4.34994071E-01    4.31928200E-01    -2.14885771E+00   
5.65565566E-01    4.34021200E-01    4.30962432E-01    -2.14889284E+00   
5.66566567E-01    4.33047980E-01    4.29996314E-01    -2.14892767E+00   
5.67567568E-01    4.32074414E-01    4.29029848E-01    -2.14896221E+00   
5.68568569E-01    4.31100504E-01    4.28063039E-01    -2.14899646E+00   
5.69569570E-01    4.30126255E-01    4.27095890E-01    -2.14903043E+00   
5.70570571E-01    4.29151671E-01    4.26128405E-01    -2.14906411E+00   
5.71571572E-01    4.28176753E-01    4.25160585E-01    -2.14909751E+00   
5.72572573E-01    4.27201506E-01    4.24192436E-01    -2.14913064E+00   
5.73573574E-01    4.26225933E-01    4.23223960E-01    -2.14916348E+00   
5.74574575E-01    4.25250038E-01    4.22255161E-01    -2.14919606E+00   
5.75575576E-01    4.24273822E-01    4.21286041E-01    -2.14922836E+00   
5.76576577E-01    4.23297290E-01    4.20316605E-01    -2.14926039E+00   
5.77577578E-01    4.22320445E-01    4.19346854E-01    -2.14929216E+00   
5.78578579E-01    4.21343290E-01    4.18376792E-01    -2.14932366E+00   
5.79579580E-01    4.20365827E-01    4.17406423E-01    -2.14935490E+00   
5.80580581E-01    4.19388061E-01    4.16435749E-01    -2.14938588E+00   
5.81581582E-01    4.18409993E-01    4.15464774E-01    -2.14941661E+00   
5.82582583E-01    4.17431628E-01    4.14493500E-01    -2.14944708E+00   
5.83583584E-01    4.16452967E-01    4.13521930E-01    -2.14947729E+00   
5.84584585E-01    4.15474014E-01    4.12550068E-01    -2.14950725E+00   
5.85585586E-01    4.14494773E-01    4.11577916E-01    -2.14953697E+00   
5.86586587E-01    4.13515244E-01    4.10605477E-01    -2.14956644E+00   
5.87587588E-01    4.12535433E-01    4.09632754E-01    -2.14959566E+00   
5.88588589E-01    4.11555341E-01    4.08659749E-01    -2.14962464E+00   
5.89589590E-01    4.10574970E-01    4.07686467E-01    -2.14965338E+00   
5.90590591E-01    4.09594325E-01    4.06712909E-01    -2.14968189E+00   
5.91591592E-01    4.08613408E-01    4.05739077E-01    -2.14971015E+00   
5.92592593E-01    4.07632221E-01    4.04764976E-01    -2.14973818E+00   
5.93593594E-01    4.06650767E-01    4.03790607E-01    -2.14976598E+00   
5.94594595E-01    4.05669048E-01    4.02815974E-01    -2.14979355E+00   
5.95595596E-01    4.04687068E-01    4.01841078E-01    -2.14982090E+00   
5.96596597E-01    4.03704829E-01    4.00865923E-01    -2.14984801E+00   
5.97597598E-01    4.02722334E-01    3.99890510E-01    -2.14987490E+00   
5.98598599E-01    4.01739585E-01    3.98914844E-01    -2.14990157E+00   
5.99599600E-01    4.00756584E-01    3.97938925E-01    -2.14992802E+00   
6.00600601E-01    3.99773334E-01    3.96962757E-01    -2.14995425E+00   
6.01601602E-01    3.98789838E-01    3.95986342E-01    -2.14998027E+00   
6.02602603E-01    3.97806098E-01    3.95009683E-01    -2.15000607E+00   
6.03603604E-01    3.96822117E-01    3.94032782E-01    -2.15003165E+00   
6.04604605E-01    3.95837897E-01    3.93055641E-01    -2.15005703E+00   
6.05605606E-01    3.94853439E-01    3.92078263E-01    -2.15008219E+00   
6.06606607E-01    3.93868748E-01    3.91100650E-01    -2.15010715E+00   
6.07607608E-01    3.92883824E-01    3.90122805E-01    -2.15013190E+00   
6.08608609E-01    3.91898671E-01    3.89144729E-01    -2.15015645E+00   
6.09609610E-01    3.90913290E-01    3.88166426E-01    -2.15018080E+00   
6.10610611E-01    3.89927684E-01    3.87187897E-01    -2.15020494E+00   
6.11611612E-01    3.88941855E-01    3.86209144E-01    -2.15022889E+00   
6.12612613E-01    3.87955806E-01    3.85230171E-01    -2.15025264E+00   
6.13613614E-01    3.86969537E-01    3.84250978E-01    -2.15027620E+00   
6.14614615E-01    3.85983053E-01    3.83271569E-01    -2.15029956E+00   
6.15615616E-01    3.84996355E-01    3.82291945E-01    -2.15032273E+00   
6.16616617E-01    3.84009444E-01    3.81312109E-01    -2.15034571E+00   
6.17617618E-01    3.83022323E-01    3.80332062E-01    -2.15036850E+00   
6.18618619E-01    3.82034995E-01    3.79351807E-01    -2.15039110E+00   
6.19619620E-01    3.81047461E-01    3.78371346E-01    -2.15041352E+00   
6.20620621E-01    3.80059723E-01    3.77390681E-01    -2.15043575E+00   
6.21621622E-01    3.79071783E-01    3.76409814E-01    -2.15045780E+00   
6.22622623E-01    3.78083644E-01    3.75428746E-01    -2.15047967E+00   
6.23623624E-01    3.77095307E-01    3.74447481E-01    -2.15050136E+00   
6.24624625E-01    3.76106775E-01    3.73466019E-01    -2.15052288E+00   
6.25625626E-01    3.75118048E-01    3.72484363E-01    -2.15054421E+00   
6.26626627E-01    3.74129130E-01    3.71502515E-01    -2.15056538E+00   
6.27627628E-01    3.73140022E-01    3.70520477E-01    -2.15058636E+00   
6.28628629E-01    3.72150726E-01    3.69538250E-01    -2.15060718E+00   
6.29629630E-01    3.71161243E-01    3.68555837E-01    -2.15062783E+00   
6.30630631E-01    3.70171577E-01    3.67573239E-01    -2.15064831E+00   
6.31631632E-01    3.69181727E-01    3.66590458E-01    -2.15066862E+00   
6.32632633E-01    3.68191698E-01    3.65607496E-01    -2.15068876E+00   
6.33633634E-01    3.67201489E-01    3.64624355E-01    -2.15070875E+00   
6.34634635E-01    3.66211103E-01    3.63641037E-01    -2.15072856E+00   
6.35635636E-01    3.65220542E-01    3.62657543E-01    -2.15074822E+00   
6.36636637E-01    3.64229807E-01    3.61673875E-01    -2.15076771E+00   
6.37637638E-01    3.63238901E-01    3.60690034E-01    -2.15078705E+00   
6.38638639E-01    3.62247824E-01    3.59706024E-01    -2.15080623E+00   
6.39639640E-01    3.61256579E-01    3.58721844E-01    -2.15082525E+00   
6.40640641E-01    3.60265168E-01    3.57737498E-01    -2.15084412E+00   
6.41641642E-01    3.59273591E-01    3.56752986E-01    -2.15086283E+00   
6.42642643E-01    3.58281850E-01    3.55768310E-01    -2.15088139E+00   
6.43643644E-01    3.57289948E-01    3.54783472E-01    -2.15089981E+00   
6.44644645E-01    3.56297886E-01    3.53798474E-01    -2.15091807E+00   
6.45645646E-01    3.55305665E-01    3.52813316E-01    -2.15093618E+00   
6.46646647E-01    3.54313287E-01    3.51828001E-01    -2.15095414E+00   
6.47647648E-01    3.53320753E-01    3.50842531E-01    -2.15097196E+00   
6.48648649E-01    3.52328066E-01    3.49856906E-01    -2.15098964E+00   
6.49649650E-01    3.51335226E-01    3.48871129E-01    -2.15100717E+00   
6.50650651E-01    3.50342235E-01    3.47885200E-01    -2.15102456E+00   
6.51651652E-01    3.49349095E-01    3.46899122E-01    -2.15104180E+00   
6.52652653E-01    3.48355807E-01    3.45912895E-01    -2.15105891E+00   
6.53653654E-01    3.47362373E-01    3.44926522E-01    -2.15107588E+00   
6.54654655E-01    3.46368794E-01    3.43940004E-01    -2.15109271E+00   
6.55655656E-01    3.45375071E-01    3.42953341E-01    -2.15110941E+00   
6.56656657E-01    3.44381206E-01    3.41966537E-01    -2.15112596E+00   
6.57657658E-01    3.43387201E-01    3.40979591E-01    -2.15114239E+00   
6.58658659E-01    3.42393056E-01    3.39992506E-01    -2.15115868E+00   
6.59659660E-01    3.41398773E-01    3.39005283E-01    -2.15117484E+00   
6.60660661E-01    3.40404354E-01    3.38017923E-01    -2.15119087E+00   
6.61661662E-01    3.39409800E-01    3.37030428E-01    -2.15120677E+00   
6.62662663E-01    3.38415111E-01    3.36042798E-01    -2.15122255E+00   
6.63663664E-01    3.37420291E-01    3.35055036E-01    -2.15123819E+00   
6.64664665E-01    3.36425339E-01    3.34067142E-01    -2.15125371E+00   
6.65665666E-01    3.35430258E-01    3.33079119E-01    -2.15126910E+00   
6.66666667E-01    3.34435048E-01    3.32090966E-01    -2.15128437E+00   
6.67667668E-01    3.33439710E-01    3.31102686E-01    -2.15129952E+00   
6.68668669E-01    3.32444247E-01    3.30114280E-01    -2.15131454E+00   
6.69669670E-01    3.31448659E-01    3.29125749E-01    -2.15132944E+00   
6.70670671E-01    3.30452947E-01    3.28137094E-01    -2.15134423E+00   
6.71671672E-01    3.29457113E-01    3.27148316E-01    -2.15135889E+00   
6.72672673E-01    3.28461158E-01    3.26159417E-01    -2.15137343E+00   
6.73673674E-01    3.27465084E-01    3.25170398E-01    -2.15138786E+00   
6.74674675E-01    3.26468890E-01    3.24181261E-01    -2.15140218E+00   
6.75675676E-01    3.25472579E-01    3.23192005E-01    -2.15141637E+00   
6.76676677E-01    3.24476152E-01    3.22202633E-01    -2.15143046E+00   
6.77677678E-01    3.23479610E-01    3.21213146E-01    -2.15144443E+00   
6.78678679E-01    3.22482954E-01    3.20223544E-01    -2.15145828E+00   
6.79679680E-01    3.21486184E-01    3.19233829E-01    -2.15147203E+00   
6.80680681E-01    3.20489303E-01    3.18244003E-01    -2.15148567E+00   
6.81681682E-01    3.19492312E-01    3.17254065E-01    -2.15149919E+00   
6.82682683E-01    3.18495211E-01    3.16264018E-01    -2.15151261E+00   
6.83683684E-01    3.17498001E-01    3.15273862E-01    -2.15152592E+00   
6.84684685E-01    3.16500685E-01    3.14283598E-01    -2.15153913E+00   
6.85685686E-01    3.15503262E-01    3.13293228E-01    -2.15155222E+00   
6.86686687E-01    3.14505733E-01    3.12302753E-01    -2.15156522E+00   
6.87687688E-01    3.13508101E-01    3.11312173E-01    -2.15157811E+00   
6.88688689E-01    3.12510365E-01    3.10321490E-01    -2.15159089E+00   
6.89689690E-01    3.11512527E-01    3.09330705E-01    -2.15160358E+00   
6.90690691E-01    3.10514588E-01    3.08339818E-01    -2.15161616E+00   
6.91691692E-01    3.09516550E-01    3.07348831E-01    -2.15162864E+00   
6.92692693E-01    3.08518412E-01    3.06357745E-01    -2.15164103E+00   
6.93693694E-01    3.07520175E-01    3.05366560E-01    -2.15165331E+00   
6.94694695E-01    3.06521842E-01    3.04375278E-01    -2.15166550E+00   
6.95695696E-01    3.05523413E-01    3.03383900E-01    -2.15167758E+00   
6.96696697E-01    3.04524888E-01    3.02392426E-01    -2.15168958E+00   
6.97697698E-01    3.03526269E-01    3.01400858E-01    -2.15170147E+00   
6.98698699E-01    3.02527557E-01    3.00409196E-01    -2.15171327E+00   
6.99699700E-01    3.01528753E-01    2.99417442E-01    -2.15172498E+00   
7.00700701E-01    3.00529857E-01    2.98425596E-01    -2.15173660E+00   
7.01701702E-01    2.99530870E-01    2.97433660E-01    -2.15174812E+00   
7.02702703E-01    2.98531794E-01    2.96441633E-01    -2.15175955E+00   
7.03703704E-01    2.97532629E-01    2.95449518E-01    -2.15177089E+00   
7.04704705E-01    2.96533376E-01    2.94457315E-01    -2.15178214E+00   
7.05705706E-01    2.95534036E-01    2.93465024E-01    -2.15179330E+00   
7.06706707E-01    2.94534610E-01    2.92472647E-01    -2.15180437E+00   
7.07707708E-01    2.93535099E-01    2.91480185E-01    -2.15181535E+00   
7.08708709E-01    2.92535503E-01    2.90487638E-01    -2.15182625E+00   
7.09709710E-01    2.91535824E-01    2.89495007E-01    -2.15183706E+00   
7.10710711E-01    2.90536062E-01    2.88502294E-01    -2.15184778E+00   
7.11711712E-01    2.89536218E-01    2.87509498E-01    -2.15185842E+00   
7.12712713E-01    2.88536293E-01    2.86516621E-01    -2.15186898E+00   
7.13713714E-01    2.87536288E-01    2.85523664E-01    -2.15187945E+00   
7.14714715E-01    2.86536203E-01    2.84530627E-01    -2.15188984E+00   
7.15715716E-01    2.85536040E-01    2.83537511E-01    -2.15190014E+00   
7.16716717E-01    2.84535798E-01    2.82544317E-01    -2.15191037E+00   
7.17717718E-01    2.83535480E-01    2.81551046E-01    -2.15192051E+00   
7.18718719E-01    2.82535085E-01    2.80557698E-01    -2.15193058E+00   
7.19719720E-01    2.81534614E-01    2.79564274E-01    -2.15194056E+00   
7.20720721E-01    2.80534068E-01    2.78570776E-01    -2.15195047E+00   
7.21721722E-01    2.79533449E-01    2.77577203E-01    -2.15196029E+00   
7.22722723E-01    2.78532756E-01    2.76583556E-01    -2.15197004E+00   
7.23723724E-01    2.77531990E-01    2.75589837E-01    -2.15197972E+00   
7.24724725E-01    2.76531153E-01    2.74596046E-01    -2.15198931E+00   
7.25725726E-01    2.75530244E-01    2.73602183E-01    -2.15199883E+00   
7.26726727E-01    2.74529265E-01    2.72608250E-01    -2.15200828E+00   
7.27727728E-01    2.73528215E-01    2.71614246E-01    -2.15201765E+00   
7.28728729E-01    2.72527097E-01    2.70620174E-01    -2.15202695E+00   
7.29729730E-01    2.71525911E-01    2.69626033E-01    -2.15203617E+00   
7.30730731E-01    2.70524656E-01    2.68631824E-01    -2.15204533E+00   
7.31731732E-01    2.69523335E-01    2.67637548E-01    -2.15205441E+00   
7.32732733E-01    2.68521947E-01    2.66643205E-01    -2.15206342E+00   
7.33733734E-01    2.67520493E-01    2.65648797E-01    -2.15207236E+00   
7.34734735E-01    2.66518975E-01    2.64654323E-01    -2.15208122E+00   
7.35735736E-01    2.65517392E-01    2.63659785E-01    -2.15209002E+00   
7.36736737E-01    2.64515745E-01    2.62665182E-01    -2.15209875E+00   
7.37737738E-01    2.63514035E-01    2.61670517E-01    -2.15210741E+00   
7.38738739E-01    2.62512262E-01    2.60675789E-01    -2.15211601E+00   
7.39739740E-01    2.61510428E-01    2.59680999E-01    -2.15212453E+00   
7.40740741E-01    2.60508532E-01    2.58686147E-01    -2.15213299E+00   
7.41741742E-01    2.59506576E-01    2.57691235E-01    -2.15214139E+00   
7.42742743E-01    2.58504560E-01    2.56696262E-01    -2.15214971E+00   
7.43743744E-01    2.57502484E-01    2.55701230E-01    -2.15215798E+00   
7.44744745E-01    2.56500349E-01    2.54706139E-01    -2.15216618E+00   
7.45745746E-01    2.55498156E-01    2.53710989E-01    -2.15217431E+00   
7.46746747E-01    2.54495905E-01    2.52715782E-01    -2.15218238E+00   
7.47747748E-01    2.53493597E-01    2.51720517E-01    -2.15219039E+00   
7.48748749E-01    2.52491232E-01    2.50725196E-01    -2.15219833E+00   
7.49749750E-01    2.51488812E-01    2.49729819E-01    -2.15220622E+00   
7.50750751E-01    2.50486336E-01    2.48734386E-01    -2.15221404E+00   
7.51751752E-01    2.49483805E-01    2.47738898E-01    -2.15222180E+00   
7.52752753E-01    2.48481220E-01    2.46743355E-01    -2.15222950E+00   
7.53753754E-01    2.47478581E-01    2.45747759E-01    -2.15223714E+00   
7.54754755E-01    2.46475889E-01    2.44752109E-01    -2.15224472E+00   
7.55755756E-01    2.45473144E-01    2.43756406E-01    -2.15225224E+00   
7.56756757E-01    2.44470346E-01    2.42760652E-01    -2.15225971E+00   
7.57757758E-01    2.43467497E-01    2.41764845E-01    -2.15226711E+00   
7.58758759E-01    2.42464597E-01    2.40768987E-01    -2.15227446E+00   
7.59759760E-01    2.41461647E-01    2.39773078E-01    -2.15228175E+00   
7.60760761E-01    2.40458646E-01    2.38777119E-01    -2.15228899E+00   
7.61761762E-01    2.39455595E-01    2.37781110E-01    -2.15229617E+00   
7.62762763E-01    2.38452495E-01    2.36785052E-01    -2.15230329E+00   
7.63763764E-01    2.37449347E-01    2.35788945E-01    -2.15231036E+00   
7.64764765E-01    2.36446150E-01    2.34792790E-01    -2.15231737E+00   
7.65765766E-01    2.35442906E-01    2.33796587E-01    -2.15232433E+00   
7.66766767E-01    2.34439614E-01    2.32800337E-01    -2.15233124E+00   
7.67767768E-01    2.33436276E-01    2.31804040E-01    -2.15233809E+00   
7.68768769E-01    2.32432891E-01    2.30807696E-01    -2.15234489E+00   
7.69769770E-01    2.31429460E-01    2.29811307E-01    -2.15235164E+00   
7.70770771E-01    2.30425985E-01    2.28814872E-01    -2.15235833E+00   
7.71771772E-01    2.29422464E-01    2.27818392E-01    -2.15236497E+00   
7.72772773E-01    2.28418898E-01    2.26821867E-01    -2.15237156E+00   
7.73773774E-01    2.27415289E-01    2.25825299E-01    -2.15237811E+00   
7.74774775E-01    2.26411636E-01    2.24828686E-01    -2.15238460E+00   
7.75775776E-01    2.25407940E-01    2.23832031E-01    -2.15239104E+00   
7.76776777E-01    2.24404201E-01    2.22835332E-01    -2.15239743E+00   
7.77777778E-01    2.23400420E-01    2.21838591E-01    -2.15240377E+00   
7.78778779E-01    2.22396596E-01    2.20841808E-01    -2.15241006E+00   
7.79779780E-01    2.21392732E-01    2.19844984E-01    -2.15241631E+00   
7.80780781E-01    2.20388826E-01    2.18848118E-01    -2.15242250E+00   
7.81781782E-01    2.19384880E-01    2.17851212E-01    -2.15242865E+00   
7.82782783E-01    2.18380893E-01    2.16854265E-01    -2.15243475E+00   
7.83783784E-01    2.17376867E-01    2.15857279E-01    -2.15244081E+00   
7.84784785E-01    2.16372801E-01    2.14860253E-01    -2.15244682E+00   
7.85785786E-01    2.15368696E-01    2.13863187E-01    -2.15245278E+00   
7.86786787E-01    2.14364553E-01    2.12866083E-01    -2.15245870E+00   
7.87787788E-01    2.13360371E-01    2.11868941E-01    -2.15246457E+00   
7.88788789E-01    2.12356151E-01    2.10871761E-01    -2.15247040E+00   
7.89789790E-01    2.11351894E-01    2.09874543E-01    -2.15247618E+00   
7.90790791E-01    2.10347599E-01    2.08877288E-01    -2.15248192E+00   
7.91791792E-01    2.09343268E-01    2.07879996E-01    -2.15248761E+00   
7.92792793E-01    2.08338900E-01    2.06882667E-01    -2.15249326E+00   
7.93793794E-01    2.07334496E-01    2.05885303E-01    -2.15249887E+00   
7.94794795E-01    2.06330057E-01    2.04887902E-01    -2.15250444E+00   
7.95795796E-01    2.05325582E-01    2.03890466E-01    -2.15250996E+00   
7.96796797E-01    2.04321073E-01    2.02892996E-01    -2.15251544E+00   
7.97797798E-01    2.03316528E-01    2.01895490E-01    -2.15252088E+00   
7.98798799E-01    2.02311950E-01    2.00897950E-01    -2.15252628E+00   
7.99799800E-01    2.01307337E-01    1.99900376E-01    -2.15253163E+00   
8.00800801E-01    2.00302691E-01    1.98902769E-01    -2.15253695E+00   
8.01801802E-01    1.99298011E-01    1.97905128E-01    -2.15254222E+00   
8.02802803E-01    1.98293299E-01    1.96907454E-01    -2.15254746E+00   
8.03803804E-01    1.97288554E-01    1.95909747E-01    -2.15255265E+00   
8.04804805E-01    1.96283776E-01    1.94912008E-01    -2.15255781E+00   
8.05805806E-01    1.95278967E-01    1.93914237E-01    -2.15256293E+00   
8.06806807E-01    1.94274126E-01    1.92916434E-01    -2.15256800E+00   
8.07807808E-01    1.93269254E-01    1.91918600E-01    -2.15257304E+00   
8.08808809E-01    1.92264350E-01    1.90920735E-01    -2.15257805E+00   
8.09809810E-01    1.91259416E-01    1.89922839E-01    -2.15258301E+00   
8.10810811E-01    1.90254452E-01    1.88924912E-01    -2.15258794E+00   
8.11811812E-01    1.89249457E-01    1.87926955E-01    -2.15259282E+00   
8.12812813E-01    1.88244433E-01    1.86928969E-01    -2.15259768E+00   
8.13813814E-01    1.87239379E-01    1.85930953E-01    -2.15260249E+00   
8.14814815E-01    1.86234296E-01    1.84932907E-01    -2.15260727E+00   
8.15815816E-01    1.85229183E-01    1.83934833E-01    -2.15261201E+00   
8.16816817E-01    1.84224043E-01    1.82936730E-01    -2.15261672E+00   
8.17817818E-01    1.83218874E-01    1.81938598E-01    -2.15262139E+00   
8.18818819E-01    1.82213677E-01    1.80940439E-01    -2.15262603E+00   
8.19819820E-01    1.81208452E-01    1.79942251E-01    -2.15263063E+00   
8.20820821E-01    1.80203199E-01    1.78944036E-01    -2.15263520E+00   
8.21821822E-01    1.79197920E-01    1.77945794E-01    -2.15263973E+00   
8.22822823E-01    1.78192613E-01    1.76947524E-01    -2.15264423E+00   
8.23823824E-01    1.77187280E-01    1.75949228E-01    -2.15264869E+00   
8.24824825E-01    1.76181920E-01    1.74950906E-01    -2.15265313E+00   
8.25825826E-01    1.75176534E-01    1.73952557E-01    -2.15265752E+00   
8.26826827E-01    1.74171122E-01    1.72954182E-01    -2.15266189E+00   
8.27827828E-01    1.73165684E-01    1.71955781E-01    -2.15266622E+00   
8.28828829E-01    1.72160222E-01    1.70957355E-01    -2.15267052E+00   
8.29829830E-01    1.71154733E-01    1.69958904E-01    -2.15267479E+00   
8.30830831E-01    1.70149220E-01    1.68960428E-01    -2.15267903E+00   
8.31831832E-01    1.69143683E-01    1.67961927E-01    -2.15268323E+00   
8.32832833E-01    1.68138121E-01    1.66963402E-01    -2.15268740E+00   
8.33833834E-01    1.67132535E-01    1.65964853E-01    -2.15269154E+00   
8.34834835E-01    1.66126925E-01    1.64966279E-01    -2.15269566E+00   
8.35835836E-01    1.65121291E-01    1.63967682E-01    -2.15269974E+00   
8.36836837E-01    1.64115634E-01    1.62969062E-01    -2.15270378E+00   
8.37837838E-01    1.63109953E-01    1.61970418E-01    -2.15270780E+00   
8.38838839E-01    1.62104250E-01    1.60971751E-01    -2.15271179E+00   
8.39839840E-01    1.61098524E-01    1.59973061E-01    -2.15271575E+00   
8.40840841E-01    1.60092775E-01    1.58974349E-01    -2.15271968E+00   
8.41841842E-01    1.59087004E-01    1.57975614E-01    -2.15272359E+00   
8.42842843E-01    1.58081211E-01    1.56976857E-01    -2.15272746E+00   
8.43843844E-01    1.57075396E-01    1.55978079E-01    -2.15273130E+00   
8.44844845E-01    1.56069560E-01    1.54979279E-01    -2.15273512E+00   
8.45845846E-01    1.55063702E-01    1.53980457E-01    -2.15273890E+00   
8.46846847E-01    1.54057823E-01    1.52981614E-01    -2.15274266E+00   
8.47847848E-01    1.53051922E-01    1.51982750E-01    -2.15274639E+00   
8.48848849E-01    1.52046001E-01    1.50983865E-01    -2.15275010E+00   
8.49849850E-01    1.51040060E-01    1.49984959E-01    -2.15275377E+00   
8.50850851E-01    1.50034098E-01    1.48986033E-01    -2.15275742E+00   
8.51851852E-01    1.49028116E-01    1.47987087E-01    -2.15276104E+00   
8.52852853E-01    1.48022114E-01    1.46988121E-01    -2.15276464E+00   
8.53853854E-01    1.47016092E-01    1.45989135E-01    -2.15276820E+00   
8.54854855E-01    1.46010051E-01    1.44990129E-01    -2.15277175E+00   
8.55855856E-01    1.45003990E-01    1.43991104E-01    -2.15277526E+00   
8.56856857E-01    1.43997910E-01    1.42992060E-01    -2.15277875E+00   
8.57857858E-01    1.42991811E-01    1.41992997E-01    -2.15278222E+00   
8.58858859E-01    1.41985693E-01    1.40993915E-01    -2.15278566E+00   
8.59859860E-01    1.40979557E-01    1.39994814E-01    -2.15278907E+00   
8.60860861E-01    1.39973402E-01    1.38995694E-01    -2.15279246E+00   
8.61861862E-01    1.38967229E-01    1.37996557E-01    -2.15279582E+00   
8.62862863E-01    1.37961038E-01    1.36997401E-01    -2.15279916E+00   
8.63863864E-01    1.36954828E-01    1.35998228E-01    -2.15280247E+00   
8.64864865E-01    1.35948602E-01    1.34999036E-01    -2.15280576E+00   
8.65865866E-01    1.34942357E-01    1.33999827E-01    -2.15280903E+00   
8.66866867E-01    1.33936096E-01    1.33000601E-01    -2.15281227E+00   
8.67867868E-01    1.32929817E-01    1.32001357E-01    -2.15281549E+00   
8.68868869E-01    1.31923521E-01    1.31002097E-01    -2.15281868E+00   
8.69869870E-01    1.30917208E-01    1.30002819E-01    -2.15282186E+00   
8.70870871E-01    1.29910879E-01    1.29003525E-01    -2.15282500E+00   
8.71871872E-01    1.28904533E-01    1.28004215E-01    -2.15282813E+00   
8.72872873E-01    1.27898171E-01    1.27004887E-01    -2.15283123E+00   
8.73873874E-01    1.26891792E-01    1.26005544E-01    -2.15283431E+00   
8.74874875E-01    1.25885398E-01    1.25006185E-01    -2.15283737E+00   
8.75875876E-01    1.24878987E-01    1.24006809E-01    -2.15284040E+00   
8.76876877E-01    1.23872561E-01    1.23007418E-01    -2.15284342E+00   
8.77877878E-01    1.22866120E-01    1.22008012E-01    -2.15284641E+00   
8.78878879E-01    1.21859663E-01    1.21008590E-01    -2.15284938E+00   
8.79879880E-01    1.20853190E-01    1.20009152E-01    -2.15285232E+00   
8.80880881E-01    1.19846703E-01    1.19009700E-01    -2.15285525E+00   
8.81881882E-01    1.18840201E-01    1.18010233E-01    -2.15285816E+00   
8.82882883E-01    1.17833684E-01    1.17010750E-01    -2.15286104E+00   
8.83883884E-01    1.16827152E-01    1.16011253E-01    -2.15286390E+00   
8.84884885E-01    1.15820606E-01    1.15011742E-01    -2.15286674E+00   
8.85885886E-01    1.14814045E-01    1.14012216E-01    -2.15286957E+00   
8.86886887E-01    1.13807470E-01    1.13012676E-01    -2.15287237E+00   
8.87887888E-01    1.12800882E-01    1.12013122E-01    -2.15287515E+00   
8.88888889E-01    1.11794279E-01    1.11013554E-01    -2.15287791E+00   
8.89889890E-01    1.10787662E-01    1.10013972E-01    -2.15288065E+00   
8.90890891E-01    1.09781032E-01    1.09014376E-01    -2.15288337E+00   
8.91891892E-01    1.08774388E-01    1.08014767E-01    -2.15288607E+00   
8.92892893E-01    1.07767731E-01    1.07015145E-01    -2.15288876E+00   
8.93893894E-01    1.06761061E-01    1.06015509E-01    -2.15289142E+00   
8.94894895E-01    1.05754377E-01    1.05015860E-01    -2.15289406E+00   
8.95895896E-01    1.04747681E-01    1.04016198E-01    -2.15289669E+00   
8.96896897E-01    1.03740971E-01    1.03016523E-01    -2.15289929E+00   
8.97897898E-01    1.02734249E-01    1.02016835E-01    -2.15290188E+00   
8.98898899E-01    1.01727515E-01    1.01017135E-01    -2.15290445E+00   
8.99899900E-01    1.00720768E-01    1.00017422E-01    -2.15290700E+00   
9.00900901E-01    9.97140080E-02    9.90176969E-02    -2.15290953E+00   
9.01901902E-01    9.87072363E-02    9.80179595E-02    -2.15291204E+00   
9.02902903E-01    9.77004524E-02    9.70182100E-02    -2.15291454E+00   
9.03903904E-01    9.66936566E-02    9.60184484E-02    -2.15291702E+00   
9.04904905E-01    9.56868489E-02    9.50186750E-02    -2.15291948E+00   
9.05905906E-01    9.46800294E-02    9.40188898E-02    -2.15292192E+00   
9.06906907E-01    9.36731983E-02    9.30190929E-02    -2.15292435E+00   
9.07907908E-01    9.26663557E-02    9.20192845E-02    -2.15292675E+00   
9.08908909E-01    9.16595017E-02    9.10194646E-02    -2.15292914E+00   
9.09909910E-01    9.06526364E-02    9.00196335E-02    -2.15293152E+00   
9.10910911E-01    8.96457599E-02    8.90197911E-02    -2.15293387E+00   
9.11911912E-01    8.86388724E-02    8.80199377E-02    -2.15293621E+00   
9.12912913E-01    8.76319739E-02    8.70200733E-02    -2.15293854E+00   
9.13913914E-01    8.66250646E-02    8.60201980E-02    -2.15294084E+00   
9.14914915E-01    8.56181445E-02    8.50203119E-02    -2.15294314E+00   
9.15915916E-01    8.46112138E-02    8.40204152E-02    -2.15294541E+00   
9.16916917E-01    8.36042725E-02    8.30205080E-02    -2.15294767E+00   
9.17917918E-01    8.25973209E-02    8.20205903E-02    -2.15294991E+00   
9.18918919E-01    8.15903589E-02    8.10206623E-02    -2.15295214E+00   
9.19919920E-01    8.05833867E-02    8.00207240E-02    -2.15295435E+00   
9.20920921E-01    7.95764044E-02    7.90207756E-02    -2.15295654E+00   
9.21921922E-01    7.85694121E-02    7.80208172E-02    -2.15295872E+00   
9.22922923E-01    7.75624099E-02    7.70208489E-02    -2.15296088E+00   
9.23923924E-01    7.65553979E-02    7.60208707E-02    -2.15296303E+00   
9.24924925E-01    7.55483761E-02    7.50208828E-02    -2.15296517E+00   
9.25925926E-01    7.45413448E-02    7.40208852E-02    -2.15296728E+00   
9.26926927E-01    7.35343039E-02    7.30208781E-02    -2.15296939E+00   
9.27927928E-01    7.25272536E-02    7.20208616E-02    -2.15297148E+00   
9.28928929E-01    7.15201939E-02    7.10208357E-02    -2.15297355E+00   
9.29929930E-01    7.05131250E-02    7.00208005E-02    -2.15297561E+00   
9.30930931E-01    6.95060470E-02    6.90207562E-02    -2.15297766E+00   
9.31931932E-01    6.84989599E-02    6.80207028E-02    -2.15297969E+00   
9.32932933E-01    6.74918638E-02    6.70206404E-02    -2.15298170E+00   
9.33933934E-01    6.64847589E-02    6.60205691E-02    -2.15298371E+00   
9.34934935E-01    6.54776451E-02    6.50204890E-02    -2.15298569E+00   
9.35935936E-01    6.44705227E-02    6.40204002E-02    -2.15298767E+00   
9.36936937E-01    6.34633917E-02    6.30203028E-02    -2.15298963E+00   
9.37937938E-01    6.24562521E-02    6.20201968E-02    -2.15299158E+00   
9.38938939E-01    6.14491041E-02    6.10200823E-02    -2.15299351E+00   
9.39939940E-01    6.04419477E-02    6.00199595E-02    -2.15299543E+00   
9.40940941E-01    5.94347830E-02    5.90198284E-02    -2.15299733E+00   
9.41941942E-01    5.84276101E-02    5.80196890E-02    -2.15299923E+00   
9.42942943E-01    5.74204292E-02    5.70195416E-02    -2.15300111E+00   
9.43943944E-01    5.64132402E-02    5.60193861E-02    -2.15300297E+00   
9.44944945E-01    5.54060432E-02    5.50192226E-02    -2.15300483E+00   
9.45945946E-01    5.43988384E-02    5.40190512E-02    -2.15300667E+00   
9.46946947E-01    5.33916258E-02    5.30188720E-02    -2.15300850E+00   
9.47947948E-01    5.23844054E-02    5.20186851E-02    -2.15301031E+00   
9.48948949E-01    5.13771774E-02    5.10184906E-02    -2.15301212E+00   
9.49949950E-01    5.03699419E-02    5.00182884E-02    -2.15301391E+00   
9.50950951E-01    4.93626989E-02    4.90180788E-02    -2.15301568E+00   
9.51951952E-01    4.83554484E-02    4.80178617E-02    -2.15301745E+00   
9.52952953E-01    4.73481906E-02    4.70176372E-02    -2.15301920E+00   
9.53953954E-01    4.63409256E-02    4.60174055E-02    -2.15302095E+00   
9.54954955E-01    4.53336533E-02    4.50171666E-02    -2.15302268E+00   
9.55955956E-01    4.43263739E-02    4.40169205E-02    -2.15302439E+00   
9.56956957E-01    4.33190875E-02    4.30166674E-02    -2.15302610E+00   
9.57957958E-01    4.23117941E-02    4.20164073E-02    -2.15302779E+00   
9.58958959E-01    4.13044938E-02    4.10161402E-02    -2.15302947E+00   
9.59959960E-01    4.02971866E-02    4.00158663E-02    -2.15303115E+00   
9.60960961E-01    3.92898727E-02    3.90155856E-02    -2.15303280E+00   
9.61961962E-01    3.82825520E-02    3.80152982E-02    -2.15303445E+00   
9.62962963E-01    3.72752247E-02    3.70150041E-02    -2.15303609E+00   
9.63963964E-01    3.62678908E-02    3.60147034E-02    -2.15303771E+00   
9.64964965E-01    3.52605505E-02    3.50143962E-02    -2.15303933E+00   
9.65965966E-01    3.42532036E-02    3.40140826E-02    -2.15304093E+00   
9.66966967E-01    3.32458504E-02    3.30137625E-02    -2.15304252E+00   
9.67967968E-01    3.22384909E-02    3.20134362E-02    -2.15304411E+00   
9.68968969E-01    3.12311252E-02    3.10131035E-02    -2.15304568E+00   
9.69969970E-01    3.02237532E-02    3.00127647E-02    -2.15304724E+00   
9.70970971E-01    2.92163751E-02    2.90124197E-02    -2.15304879E+00   
9.71971972E-01    2.82089909E-02    2.80120686E-02    -2.15305032E+00   
9.72972973E-01    2.72016008E-02    2.70117116E-02    -2.15305185E+00   
9.73973974E-01    2.61942046E-02    2.60113485E-02    -2.15305337E+00   
9.74974975E-01    2.51868026E-02    2.50109796E-02    -2.15305488E+00   
9.75975976E-01    2.41793948E-02    2.40106048E-02    -2.15305637E+00   
9.76976977E-01    2.31719812E-02    2.30102242E-02    -2.15305786E+00   
9.77977978E-01    2.21645618E-02    2.20098379E-02    -2.15305934E+00   
9.78978979E-01    2.11571368E-02    2.10094459E-02    -2.15306081E+00   
9.79979980E-01    2.01497063E-02    2.00090483E-02    -2.15306226E+00   
9.80980981E-01    1.91422701E-02    1.90086452E-02    -2.15306371E+00   
9.81981982E-01    1.81348285E-02    1.80082366E-02    -2.15306515E+00   
9.82982983E-01    1.71273814E-02    1.70078225E-02    -2.15306658E+00   
9.83983984E-01    1.61199290E-02    1.60074030E-02    -2.15306799E+00   
9.84984985E-01    1.51124712E-02    1.50069782E-02    -2.15306940E+00   
9.85985986E-01    1.41050081E-02    1.40065480E-02    -2.15307080E+00   
9.86986987E-01    1.30975399E-02    1.30061127E-02    -2.15307219E+00   
9.87987988E-01    1.20900664E-02    1.20056722E-02    -2.15307357E+00   
9.88988989E-01    1.10825879E-02    1.10052265E-02    -2.15307494E+00   
9.89989990E-01    1.00751042E-02    1.00047758E-02    -2.15307630E+00   
9.90990991E-01    9.06761558E-03    9.00432002E-03    -2.15307766E+00   
9.91991992E-01    8.06012196E-03    8.00385928E-03    -2.15307900E+00   
9.92992993E-01    7.05262343E-03    7.00339361E-03    -2.15308034E+00   
9.93993994E-01    6.04512002E-03    6.00292306E-03    -2.15308166E+00   
9.94994995E-01    5.03761179E-03    5.00244769E-03    -2.15308298E+00   
9.95995996E-01    4.03009879E-03    4.00196752E-03    -2.15308429E+00   
9.96996997E-01    3.02258106E-03    3.00148263E-03    -2.15308559E+00   
9.97997998E-01    2.01505866E-03    2.00099304E-03    -2.15308688E+00   
9.98998999E-01    1.00753162E-03    1.00049882E-03    -2.15308816E+00   
1.00000000E+00    0.00000000E+00    5.88857305E-18    0.00000000E+00    
