                 x                 y
    0.00000000E+00    0.00000000E+00
    0.00000000E+00    0.00000000E+00
    1.18532307E-08    0.00000000E+00
    3.54898447E-08    7.40371817E-10
    7.07941621E-08    2.95276178E-09
    1.17604962E-07    7.35714523E-09
    1.75716016E-07    1.46587930E-08
    2.44876884E-07    2.55451793E-08
    3.24793999E-07    4.06828639E-08
    4.15132044E-07    6.07143874E-08
    5.15515646E-07    8.62552186E-08
    6.25531370E-07    1.17890797E-07
    7.44730037E-07    1.56173715E-07
    8.72629320E-07    2.01621083E-07
    1.00871663E-06    2.54712117E-07
    1.15245226E-06    3.15885993E-07
    1.30327273E-06    3.85540005E-07
    1.46059434E-06    4.64028048E-07
    1.62381686E-06    5.51659465E-07
    1.79232729E-06    6.48698261E-07
    1.96550372E-06    7.55362713E-07
    2.14271913E-06    8.71825363E-07
    2.32334520E-06    9.98213391E-07
    2.50675595E-06    1.13460937E-06
    2.69233130E-06    1.28105239E-06
    2.87946041E-06    1.43753944E-06
    3.06754482E-06    1.60402721E-06
    3.25600130E-06    1.78043401E-06
    3.44426450E-06    1.96664205E-06
    3.63178921E-06    2.16249981E-06
    3.81805238E-06    2.36782457E-06
    4.00255484E-06    2.58240509E-06
    4.18482266E-06    2.80600430E-06
    4.36440825E-06    3.03836202E-06
    4.54089115E-06    3.27919770E-06
    4.71387854E-06    3.52821309E-06
    4.88300552E-06    3.78509485E-06
    5.04793511E-06    4.04951706E-06
    5.20835807E-06    4.32114364E-06
    5.36399252E-06    4.59963058E-06
    5.51458338E-06    4.88462813E-06
    5.65990167E-06    5.17578275E-06
    5.79974368E-06    5.47273892E-06
    5.93393009E-06    5.77514083E-06
    6.06230494E-06    6.08263390E-06
    6.18473456E-06    6.39486612E-06
    6.30110650E-06    6.71148926E-06
    6.41132839E-06    7.03215993E-06
    6.51532678E-06    7.35654054E-06
    6.61304605E-06    7.68430003E-06
    6.70444722E-06    8.01511460E-06
    6.78950686E-06    8.34866827E-06
    6.86821601E-06    8.68465331E-06
    6.94057913E-06    9.02277062E-06
    7.00661308E-06    9.36273001E-06
    7.06634611E-06    9.70425042E-06
    7.11981699E-06    1.00470600E-05
    7.16707407E-06    1.03908963E-05
    7.20817449E-06    1.07355062E-05
    7.24318334E-06    1.10806457E-05
    7.27217292E-06    1.14260802E-05
    7.29522210E-06    1.17715844E-05
    7.31241557E-06    1.21169416E-05
    7.32384332E-06    1.24619443E-05
    7.32960002E-06    1.28063935E-05
    7.32978451E-06    1.31500986E-05
    7.32449931E-06    1.34928774E-05
    7.31385017E-06    1.38345557E-05
    7.29794566E-06    1.41749669E-05
    7.27689681E-06    1.45139522E-05
    7.25081670E-06    1.48513600E-05
    7.21982020E-06    1.51870458E-05
    7.18402368E-06    1.55208720E-05
    7.14354468E-06    1.58527075E-05
    7.09850174E-06    1.61824277E-05
    7.04901415E-06    1.65099140E-05
    6.99520175E-06    1.68350539E-05
    6.93718476E-06    1.71577403E-05
    6.87508362E-06    1.74778719E-05
    6.80901884E-06    1.77953524E-05
    6.73911087E-06    1.81100907E-05
    6.66547999E-06    1.84220005E-05
    6.58824623E-06    1.87310002E-05
    6.50752925E-06    1.90370127E-05
    6.42344825E-06    1.93399653E-05
    6.33612195E-06    1.96397892E-05
    6.24566849E-06    1.99364197E-05
    6.15220542E-06    2.02297960E-05
    6.05584958E-06    2.05198609E-05
    5.95671717E-06    2.08065608E-05
    5.85492362E-06    2.10898455E-05
    5.75058364E-06    2.13696678E-05
    5.64381115E-06    2.16459841E-05
    5.53471930E-06    2.19187536E-05
    5.42342045E-06    2.21879383E-05
    5.31002613E-06    2.24535032E-05
    5.19464710E-06    2.27154160E-05
    5.07739331E-06    2.29736470E-05
    4.95837390E-06    2.32281690E-05
    4.83769721E-06    2.34789573E-05
    4.71547081E-06    2.37259896E-05
    4.59180148E-06    2.39692460E-05
    4.46679522E-06    2.42087085E-05
    4.34055730E-06    2.44443616E-05
    4.21319222E-06    2.46761919E-05
    4.08480376E-06    2.49041879E-05
    3.95549498E-06    2.51283403E-05
    3.82536826E-06    2.53486415E-05
    3.69452526E-06    2.55650861E-05
    3.56306700E-06    2.57776704E-05
    3.43109384E-06    2.59863927E-05
    3.29870550E-06    2.61912529E-05
    3.16600108E-06    2.63922530E-05
    3.03307909E-06    2.65893965E-05
    2.90003742E-06    2.67826886E-05
    2.76697341E-06    2.69721365E-05
    2.63398385E-06    2.71577488E-05
    2.50116497E-06    2.73395360E-05
    2.36861245E-06    2.75175102E-05
    2.23642149E-06    2.76916851E-05
    2.10468676E-06    2.78620763E-05
    1.97350243E-06    2.80287007E-05
    1.84296219E-06    2.81915771E-05
    1.71315924E-06    2.83507259E-05
    1.58418632E-06    2.85061692E-05
    1.45613569E-06    2.86579307E-05
    1.32909915E-06    2.88060358E-05
    1.20316806E-06    2.89505116E-05
    1.07843328E-06    2.90913869E-05
    9.54985231E-07    2.92286923E-05
    8.32913879E-07    2.93624598E-05
    7.12308707E-07    2.94927236E-05
    5.93258729E-07    2.96195193E-05
    4.75852473E-07    2.97428845E-05
    3.60177975E-07    2.98628585E-05
    2.46322763E-07    2.99794824E-05
    1.34373840E-07    3.00927992E-05
    2.44176705E-08    3.02028540E-05
   -8.34598452E-08    3.03096933E-05
   -1.89173392E-07    3.04133660E-05
   -2.92638266E-07    3.05139228E-05
   -3.93770407E-07    3.06114164E-05
   -4.92486425E-07    3.07059014E-05
   -5.88703642E-07    3.07974347E-05
   -6.82340128E-07    3.08860751E-05
   -7.73314742E-07    3.09718836E-05
   -8.61547181E-07    3.10549233E-05
   -9.46958028E-07    3.11352595E-05
   -1.02946880E-06    3.12129597E-05
   -1.10900203E-06    3.12880938E-05
   -1.18548127E-06    3.13607336E-05
   -1.25883123E-06    3.14309537E-05
   -1.32897779E-06    3.14988306E-05
   -1.39584811E-06    3.15644433E-05
   -1.45937068E-06    3.16278733E-05
   -1.51947541E-06    3.16892044E-05
   -1.57609373E-06    3.17485226E-05
   -1.62915868E-06    3.18059169E-05
   -1.67860496E-06    3.18614781E-05
   -1.72436910E-06    3.19152998E-05
   -1.76638950E-06    3.19674782E-05
   -1.80460660E-06    3.20181117E-05
   -1.83896292E-06    3.20673012E-05
   -1.86940323E-06    3.21151502E-05
   -1.89587465E-06    3.21617646E-05
   -1.91832679E-06    3.22072526E-05
   -1.93671185E-06    3.22517249E-05
   -1.95098477E-06    3.22952946E-05
   -1.96110336E-06    3.23380771E-05
   -1.96702843E-06    3.23801901E-05
   -1.96872394E-06    3.24217535E-05
   -1.96615713E-06    3.24628894E-05
   -1.95929866E-06    3.25037220E-05
   -1.94812279E-06    3.25443775E-05
   -1.93260745E-06    3.25849839E-05
   -1.91273447E-06    3.26256714E-05
   -1.88848964E-06    3.26665715E-05
   -1.85986291E-06    3.27078174E-05
   -1.82684851E-06    3.27495440E-05
   -1.78944508E-06    3.27918872E-05
   -1.74765581E-06    3.28349842E-05
   -1.70148854E-06    3.28789733E-05
   -1.65095592E-06    3.29239934E-05
   -1.59607551E-06    3.29701842E-05
   -1.53686988E-06    3.30176858E-05
   -1.47336670E-06    3.30666384E-05
   -1.40559884E-06    3.31171823E-05
   -1.33360444E-06    3.31694577E-05
   -1.25742700E-06    3.32236040E-05
   -1.17711538E-06    3.32797601E-05
   -1.09272389E-06    3.33380640E-05
   -1.00431229E-06    3.33986523E-05
   -9.11945792E-07    3.34616601E-05
   -8.15695073E-07    3.35272207E-05
   -7.15636228E-07    3.35954655E-05
   -6.11850740E-07    3.36665233E-05
   -5.04425414E-07    3.37405205E-05
   -3.93452297E-07    3.38175804E-05
   -2.79028579E-07    3.38978231E-05
   -1.61256473E-07    3.39813654E-05
   -4.02430808E-08    3.40683202E-05
    8.38997701E-08    3.41587963E-05
    2.11055698E-07    3.42528983E-05
    3.41103963E-07    3.43507263E-05
    4.73919681E-07    3.44523755E-05
    6.09374054E-07    3.45579362E-05
    7.47334613E-07    3.46674934E-05
    8.87665485E-07    3.47811266E-05
    1.03022767E-06    3.48989099E-05
    1.17487931E-06    3.50209114E-05
    1.32147603E-06    3.51471933E-05
    1.46987120E-06    3.52778118E-05
    1.61991631E-06    3.54128170E-05
    1.77146122E-06    3.55522526E-05
    1.92435458E-06    3.56961561E-05
    2.07844408E-06    3.58445586E-05
    2.23357683E-06    3.59974849E-05
    2.38959971E-06    3.61549534E-05
    2.54635963E-06    3.63169760E-05
    2.70370396E-06    3.64835586E-05
    2.86148074E-06    3.66547007E-05
    3.01953909E-06    3.68303957E-05
    3.17772945E-06    3.70106309E-05
    3.33590392E-06    3.71953878E-05
    3.49391650E-06    3.73846422E-05
    3.65162340E-06    3.75783642E-05
    3.80888326E-06    3.77765185E-05
    3.96555741E-06    3.79790647E-05
    4.12151012E-06    3.81859571E-05
    4.27660874E-06    3.83971456E-05
    4.43072395E-06    3.86125751E-05
    4.58372994E-06    3.88321864E-05
    4.73550451E-06    3.90559161E-05
    4.88592925E-06    3.92836970E-05
    5.03488967E-06    3.95154582E-05
    5.18227528E-06    3.97511254E-05
    5.32797970E-06    3.99906212E-05
    5.47190071E-06    4.02338654E-05
    5.61394030E-06    4.04807750E-05
    5.75400475E-06    4.07312646E-05
    5.89200462E-06    4.09852469E-05
    6.02785477E-06    4.12426323E-05
    6.16147435E-06    4.15033299E-05
    6.29278681E-06    4.17672470E-05
    6.42171984E-06    4.20342899E-05
    6.54820534E-06    4.23043636E-05
    6.67217940E-06    4.25773725E-05
    6.79358221E-06    4.28532202E-05
    6.91235800E-06    4.31318100E-05
    7.02845498E-06    4.34130447E-05
    7.14182525E-06    4.36968271E-05
    7.25242471E-06    4.39830601E-05
    7.36021297E-06    4.42716466E-05
    7.46515327E-06    4.45624901E-05
    7.56721237E-06    4.48554942E-05
    7.66636043E-06    4.51505635E-05
    7.76257091E-06    4.54476028E-05
    7.85582051E-06    4.57465183E-05
    7.94608899E-06    4.60472164E-05
    8.03335909E-06    4.63496051E-05
    8.11761646E-06    4.66535932E-05
    8.19884947E-06    4.69590904E-05
    8.27704918E-06    4.72660081E-05
    8.35220918E-06    4.75742586E-05
    8.42432548E-06    4.78837556E-05
    8.49339645E-06    4.81944141E-05
    8.55942269E-06    4.85061507E-05
    8.62240690E-06    4.88188833E-05
    8.68235382E-06    4.91325311E-05
    8.73927012E-06    4.94470150E-05
    8.79316429E-06    4.97622575E-05
    8.84404657E-06    5.00781823E-05
    8.89192884E-06    5.03947148E-05
    8.93682453E-06    5.07117821E-05
    8.97874857E-06    5.10293124E-05
    9.01771727E-06    5.13472360E-05
    9.05374824E-06    5.16654843E-05
    9.08686034E-06    5.19839905E-05
    9.11707360E-06    5.23026891E-05
    9.14440911E-06    5.26215164E-05
    9.16888902E-06    5.29404099E-05
    9.19053642E-06    5.32593087E-05
    9.20937529E-06    5.35781536E-05
    9.22543046E-06    5.38968866E-05
    9.23872752E-06    5.42154511E-05
    9.24929281E-06    5.45337921E-05
    9.25715330E-06    5.48518560E-05
    9.26233662E-06    5.51695905E-05
    9.26487096E-06    5.54869446E-05
    9.26478502E-06    5.58038687E-05
    9.26210801E-06    5.61203146E-05
    9.25686958E-06    5.64362352E-05
    9.24909977E-06    5.67515849E-05
    9.23882900E-06    5.70663190E-05
    9.22608802E-06    5.73803943E-05
    9.21090789E-06    5.76937688E-05
    9.19331993E-06    5.80064014E-05
    9.17335572E-06    5.83182524E-05
    9.15104701E-06    5.86292831E-05
    9.12642579E-06    5.89394558E-05
    9.09952418E-06    5.92487341E-05
    9.07037444E-06    5.95570823E-05
    9.03900896E-06    5.98644662E-05
    9.00546023E-06    6.01708521E-05
    8.96976080E-06    6.04762075E-05
    8.93194330E-06    6.07805009E-05
    8.89204039E-06    6.10837015E-05
    8.85008477E-06    6.13857797E-05
    8.80610914E-06    6.16867065E-05
    8.76014622E-06    6.19864539E-05
    8.71222869E-06    6.22849946E-05
    8.66238923E-06    6.25823024E-05
    8.61066048E-06    6.28783517E-05
    8.55707503E-06    6.31731175E-05
    8.50166542E-06    6.34665758E-05
    8.44446413E-06    6.37587033E-05
    8.38550357E-06    6.40494774E-05
    8.32481607E-06    6.43388761E-05
    8.26243387E-06    6.46268782E-05
    8.19838914E-06    6.49134631E-05
    8.13271394E-06    6.51986108E-05
    8.06544023E-06    6.54823021E-05
    7.99659989E-06    6.57645181E-05
    7.92622466E-06    6.60452409E-05
    7.85434620E-06    6.63244528E-05
    7.78099603E-06    6.66021369E-05
    7.70620558E-06    6.68782768E-05
    7.63000615E-06    6.71528566E-05
    7.55242891E-06    6.74258610E-05
    7.47350494E-06    6.76972750E-05
    7.39326517E-06    6.79670844E-05
    7.31174043E-06    6.82352752E-05
    7.22896140E-06    6.85018342E-05
    7.14495866E-06    6.87667483E-05
    7.05976267E-06    6.90300051E-05
    6.97340376E-06    6.92915926E-05
    6.88591212E-06    6.95514990E-05
    6.79731785E-06    6.98097134E-05
    6.70765092E-06    7.00662248E-05
    6.61694117E-06    7.03210228E-05
    6.52521834E-06    7.05740976E-05
    6.43251203E-06    7.08254395E-05
    6.33885175E-06    7.10750392E-05
    6.24426689E-06    7.13228879E-05
    6.14878673E-06    7.15689771E-05
    6.05244042E-06    7.18132987E-05
    5.95525704E-06    7.20558447E-05
    5.85726554E-06    7.22966078E-05
    5.75849477E-06    7.25355807E-05
    5.65897350E-06    7.27727567E-05
    5.55873036E-06    7.30081293E-05
    5.45779394E-06    7.32416923E-05
    5.35619269E-06    7.34734397E-05
    5.25395501E-06    7.37033660E-05
    5.15110917E-06    7.39314658E-05
    5.04768340E-06    7.41577343E-05
    4.94370583E-06    7.43821667E-05
    4.83920449E-06    7.46047585E-05
    4.73420737E-06    7.48255057E-05
    4.62874237E-06    7.50444043E-05
    4.52283732E-06    7.52614507E-05
    4.41651999E-06    7.54766415E-05
    4.30981808E-06    7.56899739E-05
    4.20275924E-06    7.59014448E-05
    4.09537104E-06    7.61110518E-05
    3.98768102E-06    7.63187926E-05
    3.87971665E-06    7.65246652E-05
    3.77150537E-06    7.67286677E-05
    3.66307455E-06    7.69307987E-05
    3.55445155E-06    7.71310568E-05
    3.44566367E-06    7.73294410E-05
    3.33673817E-06    7.75259507E-05
    3.22770228E-06    7.77205851E-05
    3.11858321E-06    7.79133440E-05
    3.00940813E-06    7.81042275E-05
    2.90020419E-06    7.82932356E-05
    2.79099853E-06    7.84803689E-05
    2.68181824E-06    7.86656279E-05
    2.57269044E-06    7.88490138E-05
    2.46364219E-06    7.90305276E-05
    2.35470056E-06    7.92101707E-05
    2.24589263E-06    7.93879449E-05
    2.13724545E-06    7.95638521E-05
    2.02878607E-06    7.97378944E-05
    1.92054154E-06    7.99100743E-05
    1.81253894E-06    8.00803944E-05
    1.70480531E-06    8.02488577E-05
    1.59736773E-06    8.04154673E-05
    1.49025328E-06    8.05802268E-05
    1.38348905E-06    8.07431397E-05
    1.27710214E-06    8.09042102E-05
    1.17111968E-06    8.10634423E-05
    1.06556882E-06    8.12208406E-05
    9.60476695E-07    8.13764099E-05
    8.55870503E-07    8.15301553E-05
    7.51777446E-07    8.16820819E-05
    6.48224755E-07    8.18321956E-05
    5.45239686E-07    8.19805020E-05
    4.42849524E-07    8.21270075E-05
    3.41081585E-07    8.22717185E-05
    2.39963213E-07    8.24146417E-05
    1.39521785E-07    8.25557843E-05
    3.97847088E-08    8.26951536E-05
   -5.92205724E-08    8.28327573E-05
   -1.57466583E-07    8.29686034E-05
   -2.54925813E-07    8.31027003E-05
   -3.51570719E-07    8.32350565E-05
   -4.47373720E-07    8.33656812E-05
   -5.42307203E-07    8.34945836E-05
   -6.36343521E-07    8.36217734E-05
   -7.29454990E-07    8.37472606E-05
   -8.21613897E-07    8.38710556E-05
   -9.12792493E-07    8.39931693E-05
   -1.00296300E-06    8.41136126E-05
   -1.09209760E-06    8.42323970E-05
   -1.18016847E-06    8.43495346E-05
   -1.26714774E-06    8.44650375E-05
   -1.35300751E-06    8.45789184E-05
   -1.43771988E-06    8.46911904E-05
   -1.52125692E-06    8.48018670E-05
   -1.60359066E-06    8.49109621E-05
   -1.68469316E-06    8.50184901E-05
   -1.76453643E-06    8.51244658E-05
   -1.84309249E-06    8.52289043E-05
   -1.92033336E-06    8.53318215E-05
   -1.99623105E-06    8.54332334E-05
   -2.07075760E-06    8.55331568E-05
   -2.14388502E-06    8.56316086E-05
   -2.21558538E-06    8.57286066E-05
   -2.28583075E-06    8.58241688E-05
   -2.35459323E-06    8.59183139E-05
   -2.42184497E-06    8.60110610E-05
   -2.48755814E-06    8.61024299E-05
   -2.55170499E-06    8.61924406E-05
   -2.61425780E-06    8.62811140E-05
   -2.67518894E-06    8.63684714E-05
   -2.73447085E-06    8.64545347E-05
   -2.79207605E-06    8.65393264E-05
   -2.84797716E-06    8.66228695E-05
   -2.90214692E-06    8.67051877E-05
   -2.95455817E-06    8.67863053E-05
   -3.00518390E-06    8.68662472E-05
   -3.05399723E-06    8.69450388E-05
   -3.10097144E-06    8.70227064E-05
   -3.14607998E-06    8.70992768E-05
   -3.18929649E-06    8.71747773E-05
   -3.23059479E-06    8.72492362E-05
   -3.26994896E-06    8.73226822E-05
   -3.30733326E-06    8.73951448E-05
   -3.34272223E-06    8.74666543E-05
   -3.37609067E-06    8.75372414E-05
   -3.40741366E-06    8.76069379E-05
   -3.43666661E-06    8.76757759E-05
   -3.46382521E-06    8.77437886E-05
   -3.48886554E-06    8.78110098E-05
   -3.51176402E-06    8.78774739E-05
   -3.53249748E-06    8.79432161E-05
   -3.55104314E-06    8.80082726E-05
   -3.56737867E-06    8.80726801E-05
   -3.58148221E-06    8.81364760E-05
   -3.59333238E-06    8.81996988E-05
   -3.60290829E-06    8.82623874E-05
   -3.61018964E-06    8.83245816E-05
   -3.61515665E-06    8.83863222E-05
   -3.61779016E-06    8.84476503E-05
   -3.61807164E-06    8.85086083E-05
   -3.61598321E-06    8.85692389E-05
   -3.61150767E-06    8.86295860E-05
   -3.60462855E-06    8.86896938E-05
   -3.59533012E-06    8.87496077E-05
   -3.58359745E-06    8.88093736E-05
   -3.56941639E-06    8.88690382E-05
   -3.55277369E-06    8.89286488E-05
   -3.53365694E-06    8.89882538E-05
   -3.51205468E-06    8.90479020E-05
   -3.48795638E-06    8.91076430E-05
   -3.46135252E-06    8.91675270E-05
   -3.43223459E-06    8.92276050E-05
   -3.40059516E-06    8.92879286E-05
   -3.36642787E-06    8.93485501E-05
   -3.32972752E-06    8.94095222E-05
   -3.29049007E-06    8.94708986E-05
   -3.24871268E-06    8.95327330E-05
   -3.20439376E-06    8.95950802E-05
   -3.15753300E-06    8.96579952E-05
   -3.10813139E-06    8.97215335E-05
   -3.05619128E-06    8.97857510E-05
   -3.00171638E-06    8.98507042E-05
   -2.94471185E-06    8.99164498E-05
   -2.88518426E-06    8.99830449E-05
   -2.82314168E-06    9.00505469E-05
   -2.75859368E-06    9.01190134E-05
   -2.69155136E-06    9.01885023E-05
   -2.62202740E-06    9.02590714E-05
   -2.55003606E-06    9.03307789E-05
   -2.47559321E-06    9.04036829E-05
   -2.39871635E-06    9.04778415E-05
   -2.31942467E-06    9.05533128E-05
   -2.23773899E-06    9.06301547E-05
   -2.15368185E-06    9.07084250E-05
   -2.06727748E-06    9.07881811E-05
   -1.97855183E-06    9.08694804E-05
   -1.88753257E-06    9.09523797E-05
   -1.79424911E-06    9.10369354E-05
   -1.69873257E-06    9.11232034E-05
   -1.60101582E-06    9.12112391E-05
   -1.50113343E-06    9.13010972E-05
   -1.39912171E-06    9.13928318E-05
   -1.29501867E-06    9.14864960E-05
   -1.18886403E-06    9.15821424E-05
   -1.08069916E-06    9.16798223E-05
   -9.70567111E-07    9.17795864E-05
   -8.58512548E-07    9.18814840E-05
   -7.44581748E-07    9.19855635E-05
   -6.28822560E-07    9.20918721E-05
   -5.11284367E-07    9.22004556E-05
   -3.92018050E-07    9.23113587E-05
   -2.71075947E-07    9.24246244E-05
   -1.48511802E-07    9.25402945E-05
   -2.43807203E-08    9.26584093E-05
    1.01260887E-07    9.27790074E-05
    2.28355357E-07    9.29021257E-05
    3.56843838E-07    9.30277997E-05
    4.86666346E-07    9.31560629E-05
    6.17761834E-07    9.32869471E-05
    7.50068261E-07    9.34204823E-05
    8.83522654E-07    9.35566967E-05
    1.01806119E-06    9.36956164E-05
    1.15361927E-06    9.38372656E-05
    1.29013159E-06    9.39816667E-05
    1.42753220E-06    9.41288399E-05
    1.56575465E-06    9.42788035E-05
    1.70473198E-06    9.44315737E-05
    1.84439686E-06    9.45871646E-05
    1.98468168E-06    9.47455883E-05
    2.12551859E-06    9.49068548E-05
    2.26683959E-06    9.50709719E-05
    2.40857665E-06    9.52379455E-05
    2.55066176E-06    9.54077794E-05
    2.69302702E-06    9.55804751E-05
    2.83560472E-06    9.57560323E-05
    2.97832740E-06    9.59344487E-05
    3.12112798E-06    9.61157197E-05
    3.26393977E-06    9.62998390E-05
    3.40669661E-06    9.64867982E-05
    3.54933287E-06    9.66765869E-05
    3.69178360E-06    9.68691930E-05
    3.83398454E-06    9.70646024E-05
    3.97587219E-06    9.72627992E-05
    4.11738392E-06    9.74637659E-05
    4.25845795E-06    9.76674830E-05
    4.39903351E-06    9.78739296E-05
    4.53905078E-06    9.80830830E-05
    4.67845105E-06    9.82949189E-05
    4.81717667E-06    9.85094117E-05
    4.95517117E-06    9.87265342E-05
    5.09237926E-06    9.89462578E-05
    5.22874689E-06    9.91685526E-05
    5.36422126E-06    9.93933875E-05
    5.49875087E-06    9.96207300E-05
    5.63228555E-06    9.98505466E-05
    5.76477647E-06    1.00082803E-04
    5.89617618E-06    1.00317463E-04
    6.02643860E-06    1.00554490E-04
    6.15551908E-06    1.00793846E-04
    6.28337436E-06    1.01035494E-04
    6.40996263E-06    1.01279394E-04
    6.53524349E-06    1.01525506E-04
    6.65917800E-06    1.01773790E-04
    6.78172864E-06    1.02024204E-04
    6.90285933E-06    1.02276707E-04
    7.02253544E-06    1.02531256E-04
    7.14072374E-06    1.02787810E-04
    7.25739245E-06    1.03046324E-04
    7.37251117E-06    1.03306756E-04
    7.48605091E-06    1.03569062E-04
    7.59798408E-06    1.03833198E-04
    7.70828444E-06    1.04099120E-04
    7.81692709E-06    1.04366784E-04
    7.92388850E-06    1.04636145E-04
    8.02914642E-06    1.04907160E-04
    8.13267991E-06    1.05179784E-04
    8.23446929E-06    1.05453972E-04
    8.33449614E-06    1.05729681E-04
    8.43274324E-06    1.06006866E-04
    8.52919459E-06    1.06285484E-04
    8.62383536E-06    1.06565490E-04
    8.71665185E-06    1.06846841E-04
    8.80763151E-06    1.07129493E-04
    8.89676285E-06    1.07413404E-04
    8.98403547E-06    1.07698530E-04
    9.06944000E-06    1.07984829E-04
    9.15296808E-06    1.08272259E-04
    9.23461234E-06    1.08560779E-04
    9.31436635E-06    1.08850345E-04
    9.39222461E-06    1.09140918E-04
    9.46818255E-06    1.09432456E-04
    9.54223643E-06    1.09724920E-04
    9.61438338E-06    1.10018270E-04
    9.68462133E-06    1.10312466E-04
    9.75294902E-06    1.10607468E-04
    9.81936594E-06    1.10903240E-04
    9.88387232E-06    1.11199743E-04
    9.94646910E-06    1.11496939E-04
    1.00071579E-05    1.11794791E-04
    1.00659410E-05    1.12093263E-04
    1.01228214E-05    1.12392319E-04
    1.01778025E-05    1.12691923E-04
    1.02308886E-05    1.12992041E-04
    1.02820842E-05    1.13292638E-04
    1.03313946E-05    1.13593680E-04
    1.03788256E-05    1.13895134E-04
    1.04243835E-05    1.14196967E-04
    1.04680748E-05    1.14499146E-04
    1.05099069E-05    1.14801640E-04
    1.05498873E-05    1.15104417E-04
    1.05880241E-05    1.15407448E-04
    1.06243256E-05    1.15710700E-04
    1.06588008E-05    1.16014146E-04
    1.06914588E-05    1.16317755E-04
    1.07223090E-05    1.16621499E-04
    1.07513614E-05    1.16925350E-04
    1.07786260E-05    1.17229279E-04
    1.08041134E-05    1.17533261E-04
    1.08278343E-05    1.17837267E-04
    1.08497996E-05    1.18141273E-04
    1.08700206E-05    1.18445252E-04
    1.08885087E-05    1.18749179E-04
    1.09052758E-05    1.19053029E-04
    1.09203336E-05    1.19356778E-04
    1.09336943E-05    1.19660402E-04
    1.09453702E-05    1.19963878E-04
    1.09553737E-05    1.20267184E-04
    1.09637176E-05    1.20570295E-04
    1.09704145E-05    1.20873191E-04
    1.09754774E-05    1.21175850E-04
    1.09789194E-05    1.21478251E-04
    1.09807536E-05    1.21780373E-04
    1.09809934E-05    1.22082195E-04
    1.09796522E-05    1.22383699E-04
    1.09767434E-05    1.22684863E-04
    1.09722806E-05    1.22985670E-04
    1.09662776E-05    1.23286101E-04
    1.09587481E-05    1.23586136E-04
    1.09497058E-05    1.23885759E-04
    1.09391647E-05    1.24184951E-04
    1.09271387E-05    1.24483696E-04
    1.09136417E-05    1.24781976E-04
    1.08986878E-05    1.25079776E-04
    1.08822911E-05    1.25377078E-04
    1.08644656E-05    1.25673867E-04
    1.08452254E-05    1.25970128E-04
    1.08245846E-05    1.26265845E-04
    1.08025575E-05    1.26561004E-04
    1.07791581E-05    1.26855589E-04
    1.07544007E-05    1.27149588E-04
    1.07282994E-05    1.27442985E-04
    1.07008684E-05    1.27735767E-04
    1.06721218E-05    1.28027922E-04
    1.06420739E-05    1.28319435E-04
    1.06107387E-05    1.28610294E-04
    1.05781304E-05    1.28900487E-04
    1.05442632E-05    1.29190001E-04
    1.05091512E-05    1.29478824E-04
    1.04728084E-05    1.29766945E-04
    1.04352489E-05    1.30054352E-04
    1.03964867E-05    1.30341034E-04
    1.03565359E-05    1.30626980E-04
    1.03154104E-05    1.30912179E-04
    1.02731243E-05    1.31196621E-04
    1.02296913E-05    1.31480295E-04
    1.01851254E-05    1.31763192E-04
    1.01394405E-05    1.32045302E-04
    1.00926503E-05    1.32326614E-04
    1.00447687E-05    1.32607120E-04
    9.99580928E-06    1.32886811E-04
    9.94578585E-06    1.33165677E-04
    9.89471204E-06    1.33443709E-04
    9.84260144E-06    1.33720900E-04
    9.78946762E-06    1.33997240E-04
    9.73532412E-06    1.34272722E-04
    9.68018440E-06    1.34547337E-04
    9.62406191E-06    1.34821078E-04
    9.56697002E-06    1.35093936E-04
    9.50892208E-06    1.35365905E-04
    9.44993139E-06    1.35636976E-04
    9.39001120E-06    1.35907143E-04
    9.32917471E-06    1.36176400E-04
    9.26743507E-06    1.36444737E-04
    9.20480539E-06    1.36712151E-04
    9.14129874E-06    1.36978632E-04
    9.07692814E-06    1.37244176E-04
    9.01170654E-06    1.37508776E-04
    8.94564686E-06    1.37772425E-04
    8.87876199E-06    1.38035119E-04
    8.81106475E-06    1.38296850E-04
    8.74256793E-06    1.38557613E-04
    8.67328424E-06    1.38817403E-04
    8.60322639E-06    1.39076214E-04
    8.53240702E-06    1.39334042E-04
    8.46083872E-06    1.39590879E-04
    8.38853405E-06    1.39846722E-04
    8.31550551E-06    1.40101566E-04
    8.24176558E-06    1.40355406E-04
    8.16732667E-06    1.40608236E-04
    8.09220115E-06    1.40860053E-04
    8.01640137E-06    1.41110852E-04
    7.93993962E-06    1.41360628E-04
    7.86282814E-06    1.41609378E-04
    7.78507915E-06    1.41857096E-04
    7.70670483E-06    1.42103779E-04
    7.62771729E-06    1.42349423E-04
    7.54812864E-06    1.42594024E-04
    7.46795092E-06    1.42837578E-04
    7.38719615E-06    1.43080082E-04
    7.30587631E-06    1.43321531E-04
    7.22400334E-06    1.43561923E-04
    7.14158915E-06    1.43801254E-04
    7.05864561E-06    1.44039520E-04
    6.97518456E-06    1.44276719E-04
    6.89121780E-06    1.44512846E-04
    6.80675710E-06    1.44747900E-04
    6.72181420E-06    1.44981877E-04
    6.63640082E-06    1.45214774E-04
    6.55052862E-06    1.45446588E-04
    6.46420926E-06    1.45677316E-04
    6.37745435E-06    1.45906957E-04
    6.29027549E-06    1.46135507E-04
    6.20268425E-06    1.46362963E-04
    6.11469216E-06    1.46589324E-04
    6.02631073E-06    1.46814587E-04
    5.93755146E-06    1.47038749E-04
    5.84842580E-06    1.47261809E-04
    5.75894521E-06    1.47483764E-04
    5.66912110E-06    1.47704612E-04
    5.57896486E-06    1.47924351E-04
    5.48848788E-06    1.48142979E-04
    5.39770152E-06    1.48360494E-04
    5.30661711E-06    1.48576895E-04
    5.21524599E-06    1.48792180E-04
    5.12359944E-06    1.49006346E-04
    5.03168878E-06    1.49219393E-04
    4.93952526E-06    1.49431318E-04
    4.84712015E-06    1.49642121E-04
    4.75448470E-06    1.49851800E-04
    4.66163014E-06    1.50060353E-04
    4.56856770E-06    1.50267780E-04
    4.47530858E-06    1.50474078E-04
    4.38186400E-06    1.50679247E-04
    4.28824514E-06    1.50883286E-04
    4.19446319E-06    1.51086193E-04
    4.10052934E-06    1.51287968E-04
    4.00645474E-06    1.51488610E-04
    3.91225058E-06    1.51688118E-04
    3.81792801E-06    1.51886490E-04
    3.72349819E-06    1.52083727E-04
    3.62897228E-06    1.52279827E-04
    3.53436143E-06    1.52474790E-04
    3.43967681E-06    1.52668615E-04
    3.34492955E-06    1.52861303E-04
    3.25013083E-06    1.53052851E-04
    3.15529179E-06    1.53243261E-04
    3.06042359E-06    1.53432531E-04
    2.96553740E-06    1.53620661E-04
    2.87064438E-06    1.53807651E-04
    2.77575571E-06    1.53993502E-04
    2.68088257E-06    1.54178212E-04
    2.58603614E-06    1.54361782E-04
    2.49122761E-06    1.54544212E-04
    2.39646819E-06    1.54725502E-04
    2.30176909E-06    1.54905652E-04
    2.20714152E-06    1.55084662E-04
    2.11259674E-06    1.55262532E-04
    2.01814597E-06    1.55439264E-04
    1.92380048E-06    1.55614857E-04
    1.82957154E-06    1.55789311E-04
    1.73547044E-06    1.55962628E-04
    1.64150848E-06    1.56134807E-04
    1.54769698E-06    1.56305850E-04
    1.45404727E-06    1.56475757E-04
    1.36057071E-06    1.56644529E-04
    1.26727867E-06    1.56812167E-04
    1.17418253E-06    1.56978672E-04
    1.08129372E-06    1.57144044E-04
    9.88623669E-07    1.57308285E-04
    8.96183822E-07    1.57471395E-04
    8.03985661E-07    1.57633377E-04
    7.12040686E-07    1.57794231E-04
    6.20360421E-07    1.57953959E-04
    5.28956414E-07    1.58112561E-04
    4.37840240E-07    1.58270041E-04
    3.47023500E-07    1.58426398E-04
    2.56517819E-07    1.58581635E-04
    1.66334854E-07    1.58735753E-04
    7.64862860E-08    1.58888754E-04
   -1.30161722E-08    1.59040640E-04
   -1.02160780E-07    1.59191414E-04
   -1.90935765E-07    1.59341076E-04
   -2.79329326E-07    1.59489629E-04
   -3.67329630E-07    1.59637075E-04
   -4.54924811E-07    1.59783417E-04
   -5.42102970E-07    1.59928657E-04
   -6.28852178E-07    1.60072797E-04
   -7.15160470E-07    1.60215840E-04
   -8.01015847E-07    1.60357788E-04
   -8.86406275E-07    1.60498644E-04
   -9.71319687E-07    1.60638411E-04
   -1.05574398E-06    1.60777093E-04
   -1.13966701E-06    1.60914690E-04
   -1.22307660E-06    1.61051208E-04
   -1.30596055E-06    1.61186649E-04
   -1.38830660E-06    1.61321017E-04
   -1.47010246E-06    1.61454314E-04
   -1.55133580E-06    1.61586544E-04
   -1.63199427E-06    1.61717711E-04
   -1.71206547E-06    1.61847819E-04
   -1.79153694E-06    1.61976872E-04
   -1.87039623E-06    1.62104873E-04
   -1.94863079E-06    1.62231826E-04
   -2.02622809E-06    1.62357736E-04
   -2.10317552E-06    1.62482606E-04
   -2.17946045E-06    1.62606442E-04
   -2.25507021E-06    1.62729248E-04
   -2.32999208E-06    1.62851028E-04
   -2.40421332E-06    1.62971788E-04
   -2.47772112E-06    1.63091532E-04
   -2.55050267E-06    1.63210265E-04
   -2.62254509E-06    1.63327992E-04
   -2.69383548E-06    1.63444719E-04
   -2.76436089E-06    1.63560452E-04
   -2.83410835E-06    1.63675195E-04
   -2.90306484E-06    1.63788955E-04
   -2.97121729E-06    1.63901737E-04
   -3.03855263E-06    1.64013548E-04
   -3.10505772E-06    1.64124393E-04
   -3.17071940E-06    1.64234280E-04
   -3.23552448E-06    1.64343214E-04
   -3.29945973E-06    1.64451202E-04
   -3.36251189E-06    1.64558252E-04
   -3.42466766E-06    1.64664369E-04
   -3.48591373E-06    1.64769562E-04
   -3.54623674E-06    1.64873837E-04
   -3.60562332E-06    1.64977203E-04
   -3.66406005E-06    1.65079666E-04
   -3.72153350E-06    1.65181236E-04
   -3.77803021E-06    1.65281919E-04
   -3.83353672E-06    1.65381724E-04
   -3.88803951E-06    1.65480660E-04
   -3.94152507E-06    1.65578735E-04
   -3.99397986E-06    1.65675958E-04
   -4.04539033E-06    1.65772339E-04
   -4.09574291E-06    1.65867885E-04
   -4.14502403E-06    1.65962608E-04
   -4.19322010E-06    1.66056517E-04
   -4.24031753E-06    1.66149621E-04
   -4.28630271E-06    1.66241931E-04
   -4.33116206E-06    1.66333457E-04
   -4.37488198E-06    1.66424210E-04
   -4.41744887E-06    1.66514200E-04
   -4.45884915E-06    1.66603439E-04
   -4.49906924E-06    1.66691937E-04
   -4.53809559E-06    1.66779708E-04
   -4.57591464E-06    1.66866761E-04
   -4.61251287E-06    1.66953110E-04
   -4.64787679E-06    1.67038766E-04
   -4.68199293E-06    1.67123743E-04
   -4.71484784E-06    1.67208053E-04
   -4.74642812E-06    1.67291709E-04
   -4.77672043E-06    1.67374724E-04
   -4.80571143E-06    1.67457112E-04
   -4.83338788E-06    1.67538888E-04
   -4.85973656E-06    1.67620065E-04
   -4.88474433E-06    1.67700658E-04
   -4.90839810E-06    1.67780681E-04
   -4.93068488E-06    1.67860150E-04
   -4.95159172E-06    1.67939080E-04
   -4.97110578E-06    1.68017487E-04
   -4.98921431E-06    1.68095386E-04
   -5.00590465E-06    1.68172795E-04
   -5.02116423E-06    1.68249729E-04
   -5.03498062E-06    1.68326205E-04
   -5.04734147E-06    1.68402242E-04
   -5.05823458E-06    1.68477855E-04
   -5.06764788E-06    1.68553064E-04
   -5.07556942E-06    1.68627886E-04
   -5.08198742E-06    1.68702340E-04
   -5.08689025E-06    1.68776445E-04
   -5.09026643E-06    1.68850220E-04
   -5.09210467E-06    1.68923685E-04
   -5.09239385E-06    1.68996859E-04
   -5.09112304E-06    1.69069762E-04
   -5.08828151E-06    1.69142416E-04
   -5.08385876E-06    1.69214840E-04
   -5.07784449E-06    1.69287058E-04
   -5.07022862E-06    1.69359089E-04
   -5.06100133E-06    1.69430955E-04
   -5.05015304E-06    1.69502680E-04
   -5.03767443E-06    1.69574286E-04
   -5.02355647E-06    1.69645796E-04
   -5.00779038E-06    1.69717232E-04
   -4.99036772E-06    1.69788620E-04
   -4.97128030E-06    1.69859982E-04
   -4.95052030E-06    1.69931343E-04
   -4.92808021E-06    1.70002728E-04
   -4.90395286E-06    1.70074162E-04
   -4.87813143E-06    1.70145670E-04
   -4.85060948E-06    1.70217279E-04
   -4.82138095E-06    1.70289013E-04
   -4.79044016E-06    1.70360900E-04
   -4.75778187E-06    1.70432966E-04
   -4.72340121E-06    1.70505238E-04
   -4.68729379E-06    1.70577743E-04
   -4.64945563E-06    1.70650510E-04
   -4.60988325E-06    1.70723566E-04
   -4.56857360E-06    1.70796939E-04
   -4.52552414E-06    1.70870658E-04
   -4.48073284E-06    1.70944752E-04
   -4.43419817E-06    1.71019250E-04
   -4.38591912E-06    1.71094180E-04
   -4.33589526E-06    1.71169574E-04
   -4.28412666E-06    1.71245460E-04
   -4.23061401E-06    1.71321869E-04
   -4.17535855E-06    1.71398830E-04
   -4.11836213E-06    1.71476376E-04
   -4.05962721E-06    1.71554535E-04
   -3.99915685E-06    1.71633340E-04
   -3.93695476E-06    1.71712821E-04
   -3.87302531E-06    1.71793009E-04
   -3.80737351E-06    1.71873936E-04
   -3.74000503E-06    1.71955633E-04
   -3.67092625E-06    1.72038132E-04
   -3.60014421E-06    1.72121465E-04
   -3.52766668E-06    1.72205663E-04
   -3.45350212E-06    1.72290758E-04
   -3.37765973E-06    1.72376783E-04
   -3.30014944E-06    1.72463768E-04
   -3.22098189E-06    1.72551745E-04
   -3.14016852E-06    1.72640748E-04
   -3.05772147E-06    1.72730806E-04
   -2.97365368E-06    1.72821953E-04
   -2.88797883E-06    1.72914220E-04
   -2.80071139E-06    1.73007637E-04
   -2.71186660E-06    1.73102238E-04
   -2.62146047E-06    1.73198052E-04
   -2.52950981E-06    1.73295111E-04
   -2.43603219E-06    1.73393445E-04
   -2.34104599E-06    1.73493086E-04
   -2.24457034E-06    1.73594063E-04
   -2.14662518E-06    1.73696407E-04
   -2.04723123E-06    1.73800148E-04
   -1.94640997E-06    1.73905314E-04
   -1.84418366E-06    1.74011935E-04
   -1.74057533E-06    1.74120039E-04
   -1.63560877E-06    1.74229654E-04
   -1.52930851E-06    1.74340809E-04
   -1.42169985E-06    1.74453531E-04
   -1.31280880E-06    1.74567846E-04
   -1.20266210E-06    1.74683780E-04
   -1.09128721E-06    1.74801360E-04
   -9.78712286E-07    1.74920611E-04
   -8.64966157E-07    1.75041556E-04
   -7.50078330E-07    1.75164221E-04
   -6.34078964E-07    1.75288628E-04
   -5.16998851E-07    1.75414800E-04
   -3.98869396E-07    1.75542758E-04
   -2.79722606E-07    1.75672524E-04
   -1.59591058E-07    1.75804119E-04
   -3.85078872E-08    1.75937562E-04
    8.34932432E-08    1.76072872E-04
    2.06378161E-07    1.76210067E-04
    3.30112210E-07    1.76349165E-04
    4.54660278E-07    1.76490182E-04
    5.79986818E-07    1.76633133E-04
    7.06055882E-07    1.76778033E-04
    8.32831139E-07    1.76924896E-04
    9.60275913E-07    1.77073736E-04
    1.08835320E-06    1.77224564E-04
    1.21702572E-06    1.77377391E-04
    1.34625592E-06    1.77532227E-04
    1.47600600E-06    1.77689083E-04
    1.60623799E-06    1.77847965E-04
    1.73691373E-06    1.78008882E-04
    1.86799492E-06    1.78171840E-04
    1.99944315E-06    1.78336845E-04
    2.13121994E-06    1.78503901E-04
    2.26328676E-06    1.78673011E-04
    2.39560506E-06    1.78844179E-04
    2.52813632E-06    1.79017406E-04
    2.66084204E-06    1.79192692E-04
    2.79368381E-06    1.79370038E-04
    2.92662333E-06    1.79549442E-04
    3.05962244E-06    1.79730902E-04
    3.19264313E-06    1.79914415E-04
    3.32564760E-06    1.80099978E-04
    3.45859825E-06    1.80287585E-04
    3.59145776E-06    1.80477230E-04
    3.72418907E-06    1.80668908E-04
    3.85675542E-06    1.80862610E-04
    3.98912039E-06    1.81058328E-04
    4.12124791E-06    1.81256054E-04
    4.25310229E-06    1.81455776E-04
