                 x                 y
    0.00000000E+00    0.00000000E+00
    5.92661533E-09    0.00000000E+00
    2.36829950E-08    7.44756107E-10
    5.31988345E-08    2.97605831E-09
    9.43572745E-08    7.42977657E-09
    1.46995371E-07    1.48329313E-08
    2.10904754E-07    2.59008004E-08
    2.85832461E-07    4.13340744E-08
    3.71481961E-07    6.18160718E-08
    4.67514343E-07    8.80100257E-08
    5.73549679E-07    1.20556453E-07
    6.89168551E-07    1.60070615E-07
    8.13913732E-07    2.07140088E-07
    9.47292022E-07    2.62322434E-07
    1.08877622E-06    3.26143008E-07
    1.23780724E-06    3.99092889E-07
    1.39379634E-06    4.81626950E-07
    1.55612748E-06    5.74162077E-07
    1.72415975E-06    6.77075541E-07
    1.89722999E-06    7.90703528E-07
    2.07465534E-06    9.15339841E-07
    2.25573602E-06    1.05123476E-06
    2.43975810E-06    1.19859409E-06
    2.62599628E-06    1.35757838E-06
    2.81371681E-06    1.52830232E-06
    3.00218038E-06    1.71083431E-06
    3.19064500E-06    1.90519625E-06
    3.37836898E-06    2.11136347E-06
    3.56461380E-06    2.32926488E-06
    3.74864704E-06    2.55878324E-06
    3.92974522E-06    2.79975570E-06
    4.10719667E-06    3.05197448E-06
    4.28030429E-06    3.31518766E-06
    4.44838828E-06    3.58910024E-06
    4.61078879E-06    3.87337532E-06
    4.76686848E-06    4.16763544E-06
    4.91601503E-06    4.47146409E-06
    5.05764345E-06    4.78440734E-06
    5.19119845E-06    5.10597567E-06
    5.31615649E-06    5.43564588E-06
    5.43202787E-06    5.77286314E-06
    5.53835862E-06    6.11704320E-06
    5.63473222E-06    6.46757463E-06
    5.72077124E-06    6.82382129E-06
    5.79613876E-06    7.18512474E-06
    5.86053974E-06    7.55080687E-06
    5.91372206E-06    7.92017251E-06
    5.95547755E-06    8.29251215E-06
    5.98564281E-06    8.66710471E-06
    6.00409977E-06    9.04322035E-06
    6.01077620E-06    9.42012329E-06
    6.00564596E-06    9.79707470E-06
    5.98872914E-06    1.01733356E-05
    5.96009191E-06    1.05481695E-05
    5.91984634E-06    1.09208458E-05
    5.86814993E-06    1.12906420E-05
    5.80520502E-06    1.16568469E-05
    5.73125798E-06    1.20187633E-05
    5.64659832E-06    1.23757108E-05
    5.55155751E-06    1.27270280E-05
    5.44650777E-06    1.30720759E-05
    5.33186056E-06    1.34102396E-05
    5.20806505E-06    1.37409311E-05
    5.07560638E-06    1.40635916E-05
    4.93500375E-06    1.43776936E-05
    4.78680843E-06    1.46827432E-05
    4.63160164E-06    1.49782814E-05
    4.46999227E-06    1.52638869E-05
    4.30261454E-06    1.55391770E-05
    4.13012549E-06    1.58038093E-05
    3.95320249E-06    1.60574833E-05
    3.77254053E-06    1.62999414E-05
    3.58884955E-06    1.65309699E-05
    3.40285165E-06    1.67504000E-05
    3.21527827E-06    1.69581086E-05
    3.02686730E-06    1.71540184E-05
    2.83836022E-06    1.73380987E-05
    2.65049915E-06    1.75103653E-05
    2.46402394E-06    1.76708805E-05
    2.27966925E-06    1.78197529E-05
    2.09816166E-06    1.79571373E-05
    1.92021678E-06    1.80832334E-05
    1.74653640E-06    1.81982858E-05
    1.57780577E-06    1.83025827E-05
    1.41469080E-06    1.83964548E-05
    1.25783546E-06    1.84802741E-05
    1.10785919E-06    1.85544524E-05
    9.65354446E-07    1.86194398E-05
    8.30884337E-07    1.86757226E-05
    7.04980359E-07    1.87238219E-05
    5.88140275E-07    1.87642912E-05
    4.80826124E-07    1.87977142E-05
    3.83462366E-07    1.88247028E-05
    2.96434180E-07    1.88458943E-05
    2.20085917E-07    1.88619492E-05
    1.54719717E-07    1.88735483E-05
    1.00594290E-07    1.88813901E-05
    5.79238829E-08    1.88861883E-05
    2.68774101E-08    1.88886684E-05
    7.57777747E-09    1.88895655E-05
    1.01386061E-10    1.88896205E-05
    4.47782498E-09    1.88895782E-05
    2.06897522E-08    1.88901834E-05
    4.86729647E-08    1.88921784E-05
    8.83166573E-08    1.88963001E-05
    1.39463869E-07    1.89032768E-05
    2.01912117E-07    1.89138254E-05
    2.75414208E-07    1.89286488E-05
    3.59679237E-07    1.89484327E-05
    4.54373757E-07    1.89738429E-05
    5.59123117E-07    1.90055233E-05
    6.73512968E-07    1.90440924E-05
    7.97090929E-07    1.90901416E-05
    9.29368395E-07    1.91442325E-05
    1.06982250E-06    1.92068947E-05
    1.21789821E-06    1.92786240E-05
    1.37301053E-06    1.93598799E-05
    1.53454687E-06    1.94510845E-05
    1.70186945E-06    1.95526203E-05
    1.87431786E-06    1.96648290E-05
    2.05121170E-06    1.97880098E-05
    2.23185326E-06    1.99224189E-05
    2.41553030E-06    2.00682678E-05
    2.60151889E-06    2.02257232E-05
    2.78908621E-06    2.03949057E-05
    2.97749355E-06    2.05758898E-05
    3.16599912E-06    2.07687035E-05
    3.35386103E-06    2.09733282E-05
    3.54034021E-06    2.11896989E-05
    3.72470328E-06    2.14177043E-05
    3.90622546E-06    2.16571877E-05
    4.08419339E-06    2.19079469E-05
    4.25790791E-06    2.21697359E-05
    4.42668682E-06    2.24422652E-05
    4.58986752E-06    2.27252034E-05
    4.74680960E-06    2.30181783E-05
    4.89689731E-06    2.33207783E-05
    5.03954198E-06    2.36325544E-05
    5.17418429E-06    2.39530216E-05
    5.30029644E-06    2.42816610E-05
    5.41738419E-06    2.46179218E-05
    5.52498878E-06    2.49612235E-05
    5.62268867E-06    2.53109582E-05
    5.71010124E-06    2.56664928E-05
    5.78688418E-06    2.60271716E-05
    5.85273687E-06    2.63923190E-05
    5.90740151E-06    2.67612419E-05
    5.95066413E-06    2.71332325E-05
    5.98235538E-06    2.75075711E-05
    6.00235122E-06    2.78835289E-05
    6.01057340E-06    2.82603707E-05
    6.00698971E-06    2.86373579E-05
    5.99161415E-06    2.90137513E-05
    5.96450688E-06    2.93888141E-05
    5.92577396E-06    2.97618146E-05
    5.87556694E-06    3.01320291E-05
    5.81408233E-06    3.04987448E-05
    5.74156077E-06    3.08612626E-05
    5.65828616E-06    3.12188994E-05
    5.56458456E-06    3.15709916E-05
    5.46082290E-06    3.19168967E-05
    5.34740759E-06    3.22559967E-05
    5.22478297E-06    3.25876999E-05
    5.09342955E-06    3.29114436E-05
    4.95386219E-06    3.32266960E-05
    4.80662809E-06    3.35329585E-05
    4.65230467E-06    3.38297677E-05
    4.49149735E-06    3.41166971E-05
    4.32483716E-06    3.43933588E-05
    4.15297832E-06    3.46594051E-05
    3.97659570E-06    3.49145300E-05
    3.79638214E-06    3.51584700E-05
    3.61304580E-06    3.53910058E-05
    3.42730738E-06    3.56119626E-05
    3.23989725E-06    3.58212111E-05
    3.05155265E-06    3.60186683E-05
    2.86301478E-06    3.62042972E-05
    2.67502585E-06    3.63781075E-05
    2.48832619E-06    3.65401555E-05
    2.30365133E-06    3.66905438E-05
    2.12172909E-06    3.68294210E-05
    1.94327668E-06    3.69569811E-05
    1.76899789E-06    3.70734629E-05
    1.59958029E-06    3.71791490E-05
    1.43569250E-06    3.72743645E-05
    1.27798150E-06    3.73594761E-05
    1.12707010E-06    3.74348906E-05
    9.83554445E-07    3.75010530E-05
    8.48001599E-07    3.75584452E-05
    7.20947326E-07    3.76075838E-05
    6.02893920E-07    3.76490182E-05
    4.94308201E-07    3.76833284E-05
    3.95619643E-07    3.77111225E-05
    3.07218649E-07    3.77330349E-05
    2.29454988E-07    3.77497230E-05
    1.62636383E-07    3.77618652E-05
    1.07027283E-07    3.77701579E-05
    6.28477910E-08    3.77753130E-05
    3.02727820E-08    3.77780546E-05
    9.43119991E-09    3.77791165E-05
    4.05537397E-10    3.77792394E-05
    3.23150424E-09    3.77791675E-05
    1.78978839E-08    3.77796458E-05
    4.43465792E-08    3.77814171E-05
    8.24728466E-08    3.77852192E-05
    1.32125719E-07    3.77917817E-05
    1.93108613E-07    3.78018232E-05
    2.65180124E-07    3.78160484E-05
    3.48054991E-07    3.78351455E-05
    4.41405254E-07    3.78597831E-05
    5.44861563E-07    3.78906080E-05
    6.58014669E-07    3.79282422E-05
    7.80417063E-07    3.79732807E-05
    9.11584773E-07    3.80262892E-05
    1.05099930E-06    3.80878016E-05
    1.19810970E-06    3.81583181E-05
    1.35233477E-06    3.82383032E-05
    1.51306541E-06    3.83281839E-05
    1.67966699E-06    3.84283479E-05
    1.85148194E-06    3.85391423E-05
    2.02783233E-06    3.86608721E-05
    2.20802257E-06    3.87937989E-05
    2.39134219E-06    3.89381404E-05
    2.57706862E-06    3.90940690E-05
    2.76447009E-06    3.92617113E-05
    2.95280848E-06    3.94411481E-05
    3.14134227E-06    3.96324132E-05
    3.32932944E-06    3.98354943E-05
    3.51603040E-06    4.00503324E-05
    3.70071087E-06    4.02768223E-05
    3.88264481E-06    4.05148130E-05
    4.06111721E-06    4.07641086E-05
    4.23542691E-06    4.10244685E-05
    4.40488936E-06    4.12956089E-05
    4.56883926E-06    4.15772038E-05
    4.72663313E-06    4.18688864E-05
    4.87765189E-06    4.21702500E-05
    5.02130319E-06    4.24808506E-05
    5.15702374E-06    4.28002078E-05
    5.28428150E-06    4.31278069E-05
    5.40257772E-06    4.34631013E-05
    5.51144888E-06    4.38055143E-05
    5.61046849E-06    4.41544414E-05
    5.69924871E-06    4.45092526E-05
    5.77744189E-06    4.48692952E-05
    5.84474186E-06    4.52338960E-05
    5.90088514E-06    4.56023640E-05
    5.94565196E-06    4.59739932E-05
    5.97886706E-06    4.63480654E-05
    6.00040045E-06    4.67238527E-05
    6.01016782E-06    4.71006206E-05
    6.00813091E-06    4.74776309E-05
    5.99429766E-06    4.78541442E-05
    5.96872218E-06    4.82294232E-05
    5.93150450E-06    4.86027355E-05
    5.88279027E-06    4.89733561E-05
    5.82277010E-06    4.93405707E-05
    5.75167890E-06    4.97036780E-05
    5.66979497E-06    5.00619929E-05
    5.57743889E-06    5.04148488E-05
    5.47497230E-06    5.07616007E-05
    5.36279654E-06    5.11016268E-05
    5.24135107E-06    5.14343321E-05
    5.11111176E-06    5.17591498E-05
    4.97258908E-06    5.20755439E-05
    4.82632613E-06    5.23830115E-05
    4.67289649E-06    5.26810844E-05
    4.51290205E-06    5.29693310E-05
    4.34697064E-06    5.32473584E-05
    4.17575361E-06    5.35148135E-05
    3.99992326E-06    5.37713847E-05
    3.82017026E-06    5.40168030E-05
    3.63720094E-06    5.42508430E-05
    3.45173451E-06    5.44733243E-05
    3.26450028E-06    5.46841115E-05
    3.07623476E-06    5.48831155E-05
    2.88767882E-06    5.50702932E-05
    2.69957471E-06    5.52456482E-05
    2.51266321E-06    5.54092308E-05
    2.32768064E-06    5.55611375E-05
    2.14535602E-06    5.57015109E-05
    1.96640813E-06    5.58305391E-05
    1.79154270E-06    5.59484552E-05
    1.62144957E-06    5.60555360E-05
    1.45680002E-06    5.61521011E-05
    1.29824401E-06    5.62385121E-05
    1.14640768E-06    5.63151703E-05
    1.00189079E-06    5.63825162E-05
    8.65264362E-07    5.64410266E-05
    7.37068374E-07    5.64912140E-05
    6.17809618E-07    5.65336234E-05
    5.07959665E-07    5.65688310E-05
    4.07952971E-07    5.65974416E-05
    3.18185140E-07    5.66200860E-05
    2.39011332E-07    5.66374190E-05
    1.70744837E-07    5.66501163E-05
    1.13655820E-07    5.66588721E-05
    6.79702263E-08    5.66643964E-05
    3.38688813E-08    5.66674120E-05
    1.14867575E-08    5.66686515E-05
    9.12433469E-10    5.66688550E-05
    2.18773727E-09    5.66687662E-05
    1.53075786E-08    5.66691303E-05
    4.02199701E-08    5.66706906E-05
    7.68262370E-08    5.66741856E-05
    1.24981416E-07    5.66803462E-05
    1.84494838E-07    5.66898925E-05
    2.55130899E-07    5.67035313E-05
    3.36610008E-07    5.67219531E-05
    4.28609708E-07    5.67458291E-05
    5.30765980E-07    5.67758091E-05
    6.42674699E-07    5.68125186E-05
    7.63893261E-07    5.68565562E-05
    8.93942357E-07    5.69084914E-05
    1.03230789E-06    5.69688626E-05
    1.17844305E-06    5.70381743E-05
    1.33177046E-06    5.71168959E-05
    1.49168454E-06    5.72054593E-05
    1.65755388E-06    5.73042575E-05
    1.82872377E-06    5.74136429E-05
    2.00451881E-06    5.75339261E-05
    2.18424557E-06    5.76653745E-05
    2.36719539E-06    5.78082115E-05
    2.55264713E-06    5.79626155E-05
    2.73987009E-06    5.81287191E-05
    2.92812683E-06    5.83066091E-05
    3.11667612E-06    5.84963255E-05
    3.30477587E-06    5.86978620E-05
    3.49168601E-06    5.89111657E-05
    3.67667143E-06    5.91361375E-05
    3.85900485E-06    5.93726324E-05
    4.03796968E-06    5.96204601E-05
    4.21286282E-06    5.98793860E-05
    4.38299738E-06    6.01491319E-05
    4.54770540E-06    6.04293774E-05
    4.70634044E-06    6.07197606E-05
    4.85828006E-06    6.10198804E-05
    5.00292830E-06    6.13292972E-05
    5.13971794E-06    6.16475355E-05
    5.26811273E-06    6.19740850E-05
    5.38760944E-06    6.23084032E-05
    5.49773984E-06    6.26499170E-05
    5.59807249E-06    6.29980257E-05
    5.68821439E-06    6.33521023E-05
    5.76781253E-06    6.37114971E-05
    5.83655525E-06    6.40755394E-05
    5.89417338E-06    6.44435404E-05
    5.94044138E-06    6.48147959E-05
    5.97517810E-06    6.51885891E-05
    5.99824758E-06    6.55641933E-05
    6.00955948E-06    6.59408747E-05
    6.00906949E-06    6.63178953E-05
    5.99677948E-06    6.66945158E-05
    5.97273751E-06    6.70699986E-05
    5.93703760E-06    6.74436102E-05
    5.88981942E-06    6.78146246E-05
    5.83126774E-06    6.81823259E-05
    5.76161171E-06    6.85460110E-05
    5.68112397E-06    6.89049925E-05
    5.59011962E-06    6.92586013E-05
    5.48895502E-06    6.96061891E-05
    5.37802638E-06    6.99471312E-05
    5.25776824E-06    7.02808288E-05
    5.12865182E-06    7.06067113E-05
    4.99118316E-06    7.09242387E-05
    4.84590122E-06    7.12329033E-05
    4.69337570E-06    7.15322324E-05
    4.53420494E-06    7.18217896E-05
    4.36901351E-06    7.21011766E-05
    4.19844982E-06    7.23700352E-05
    4.02318360E-06    7.26280481E-05
    3.84390329E-06    7.28749408E-05
    3.66131332E-06    7.31104821E-05
    3.47613141E-06    7.33344855E-05
    3.28908570E-06    7.35468099E-05
    3.10091197E-06    7.37473599E-05
    2.91235067E-06    7.39360865E-05
    2.72414408E-06    7.41129872E-05
    2.53703335E-06    7.42781060E-05
    2.35175556E-06    7.44315336E-05
    2.16904087E-06    7.45734064E-05
    1.98960958E-06    7.47039068E-05
    1.81416930E-06    7.48232619E-05
    1.64341213E-06    7.49317429E-05
    1.47801193E-06    7.50296640E-05
    1.31862162E-06    7.51173811E-05
    1.16587061E-06    7.51952907E-05
    1.02036225E-06    7.52638281E-05
    8.82671461E-07    7.53234656E-05
    7.53342414E-07    7.53747110E-05
    6.32886363E-07    7.54181054E-05
    5.21779593E-07    7.54542209E-05
    4.20461518E-07    7.54836586E-05
    3.29332912E-07    7.55070463E-05
    2.48754305E-07    7.55250357E-05
    1.79044531E-07    7.55382999E-05
    1.20479452E-07    7.55475310E-05
    7.32908430E-08    7.55534369E-05
    3.76654653E-08    7.55567390E-05
    1.37443115E-08    7.55581688E-05
    1.62204005E-09    7.55584655E-05
    1.34659453E-09    7.55583726E-05
    1.29190112E-08    7.55586352E-05
    3.62934159E-08    7.55599971E-05
    7.13772095E-08    7.55631975E-05
    1.18031442E-07    7.55689685E-05
    1.76071372E-07    7.55780318E-05
    2.45267214E-07    7.55910961E-05
    3.25345060E-07    7.56088540E-05
    4.15987984E-07    7.56319795E-05
    5.16837319E-07    7.56611254E-05
    6.27494094E-07    7.56969204E-05
    7.47520638E-07    7.57399668E-05
    8.76442338E-07    7.57908381E-05
    1.01374954E-06    7.58500766E-05
    1.15889958E-06    7.59181916E-05
    1.31131898E-06    7.59956571E-05
    1.47040572E-06    7.60829100E-05
    1.63553162E-06    7.61803484E-05
    1.80604489E-06    7.62883302E-05
    1.98127270E-06    7.64071714E-05
    2.16052386E-06    7.65371453E-05
    2.34309152E-06    7.66784808E-05
    2.52825607E-06    7.68313625E-05
    2.71528789E-06    7.69959289E-05
    2.90345027E-06    7.71722728E-05
    3.09200234E-06    7.73604404E-05
    3.28020198E-06    7.75604315E-05
    3.46730869E-06    7.77721992E-05
    3.65258657E-06    7.79956504E-05
    3.83530718E-06    7.82306461E-05
    4.01475238E-06    7.84770020E-05
    4.19021715E-06    7.87344892E-05
    4.36101234E-06    7.90028352E-05
    4.52646739E-06    7.92817249E-05
    4.68593288E-06    7.95708020E-05
    4.83878313E-06    7.98696703E-05
    4.98441855E-06    8.01778953E-05
    5.12226806E-06    8.04950060E-05
    5.25179122E-06    8.08204965E-05
    5.37248037E-06    8.11538286E-05
    5.48386259E-06    8.14944330E-05
    5.58550151E-06    8.18417124E-05
    5.67699901E-06    8.21950434E-05
    5.75799676E-06    8.25537789E-05
    5.82817757E-06    8.29172509E-05
    5.88726668E-06    8.32847727E-05
    5.93503274E-06    8.36556422E-05
    5.97128875E-06    8.40291439E-05
    5.99589276E-06    8.44045524E-05
    6.00874842E-06    8.47811346E-05
    6.00980539E-06    8.51581529E-05
    5.99905945E-06    8.55348680E-05
    5.97655261E-06    8.59105418E-05
    5.94237286E-06    8.62844403E-05
    5.89665393E-06    8.66558362E-05
    5.83957469E-06    8.70240122E-05
    5.77135850E-06    8.73882633E-05
    5.69227238E-06    8.77478999E-05
    5.60262591E-06    8.81022503E-05
    5.50277012E-06    8.84506634E-05
    5.39309606E-06    8.87925112E-05
    5.27403337E-06    8.91271914E-05
    5.14604854E-06    8.94541294E-05
    5.00964318E-06    8.97727812E-05
    4.86535204E-06    9.00826348E-05
    4.71374093E-06    9.03832127E-05
    4.55540458E-06    9.06740736E-05
    4.39096426E-06    9.09548142E-05
    4.22106542E-06    9.12250708E-05
    4.04637516E-06    9.14845208E-05
    3.86757963E-06    9.17328839E-05
    3.68538133E-06    9.19699233E-05
    3.50049642E-06    9.21954465E-05
    3.31365186E-06    9.24093064E-05
    3.12558261E-06    9.26114017E-05
    2.93702869E-06    9.28016771E-05
    2.74873231E-06    9.29801242E-05
    2.56143497E-06    9.31467809E-05
    2.37587446E-06    9.33017317E-05
    2.19278204E-06    9.34451072E-05
    2.01287946E-06    9.35770836E-05
    1.83687617E-06    9.36978824E-05
    1.66546648E-06    9.38077690E-05
    1.49932680E-06    9.39070521E-05
    1.33911296E-06    9.39960823E-05
    1.18545757E-06    9.40752507E-05
    1.03896757E-06    9.41449877E-05
    9.00221719E-07    9.42057610E-05
    7.69768348E-07    9.42580737E-05
    6.48123135E-07    9.43024628E-05
    5.35767053E-07    9.43394965E-05
    4.33144439E-07    9.43697722E-05
    3.40661213E-07    9.43939143E-05
    2.58683249E-07    9.44125716E-05
    1.87534904E-07    9.44264146E-05
    1.27497718E-07    9.44361330E-05
    7.88092817E-08    9.44424329E-05
    4.16622775E-08    9.44460340E-05
    1.62037094E-08    9.44476667E-05
    2.53430922E-09    9.44480694E-05
    7.08132809E-10    9.44479851E-05
    1.07323430E-08    9.44481590E-05
    3.25671819E-08    9.44493351E-05
    6.61261323E-08    9.44522534E-05
    1.11276267E-07    9.44576472E-05
    1.67838785E-07    9.44662396E-05
    2.35589733E-07    9.44787411E-05
    3.14260908E-07    9.44958467E-05
    4.03540934E-07    9.45182329E-05
    5.03076521E-07    9.45465555E-05
    6.12473878E-07    9.45814463E-05
    7.31300299E-07    9.46235113E-05
    8.59085897E-07    9.46733279E-05
    9.95325490E-07    9.47314425E-05
    1.13948062E-06    9.47983689E-05
    1.29098172E-06    9.48745858E-05
    1.44923036E-06    9.49605350E-05
    1.61360168E-06    9.50566198E-05
    1.78344683E-06    9.51632034E-05
    1.95809559E-06    9.52806074E-05
    2.13685903E-06    9.54091106E-05
    2.31903223E-06    9.55489480E-05
    2.50389708E-06    9.57003097E-05
    2.69072513E-06    9.58633406E-05
    2.87878046E-06    9.60381392E-05
    3.06732260E-06    9.62247581E-05
    3.25560942E-06    9.64232029E-05
    3.44290008E-06    9.66334330E-05
    3.62845793E-06    9.68553612E-05
    3.81155340E-06    9.70888546E-05
    3.99146686E-06    9.73337348E-05
    4.16749142E-06    9.75897787E-05
    4.33893574E-06    9.78567193E-05
    4.50512665E-06    9.81342473E-05
    4.66541185E-06    9.84220114E-05
    4.81916241E-06    9.87196208E-05
    4.96577520E-06    9.90266459E-05
    5.10467528E-06    9.93426203E-05
    5.23531808E-06    9.96670427E-05
    5.35719153E-06    9.99993789E-05
    5.46981806E-06    1.00339064E-04
    5.57275640E-06    1.00685503E-04
    5.66560333E-06    1.01038077E-04
    5.74799522E-06    1.01396142E-04
    5.81960941E-06    1.01759032E-04
    5.88016551E-06    1.02126063E-04
    5.92942641E-06    1.02496534E-04
    5.96719925E-06    1.02869732E-04
    5.99333614E-06    1.03244932E-04
    6.00773471E-06    1.03621402E-04
    6.01033856E-06    1.03998405E-04
    6.00113741E-06    1.04375202E-04
    5.98016721E-06    1.04751054E-04
    5.94750994E-06    1.05125227E-04
    5.90329333E-06    1.05496992E-04
    5.84769037E-06    1.05865631E-04
    5.78091864E-06    1.06230436E-04
    5.70323946E-06    1.06590716E-04
    5.61495692E-06    1.06945797E-04
    5.51641666E-06    1.07295025E-04
    5.40800459E-06    1.07637768E-04
    5.29014536E-06    1.07973421E-04
    5.16330076E-06    1.08301405E-04
    5.02796789E-06    1.08621173E-04
    4.88467728E-06    1.08932207E-04
    4.73399080E-06    1.09234026E-04
    4.57649954E-06    1.09526184E-04
    4.41282142E-06    1.09808272E-04
    4.24359889E-06    1.10079921E-04
    4.06949637E-06    1.10340803E-04
    3.89119767E-06    1.10590633E-04
    3.70940334E-06    1.10829167E-04
    3.52482790E-06    1.11056207E-04
    3.33819710E-06    1.11271601E-04
    3.15024501E-06    1.11475241E-04
    2.96171118E-06    1.11667065E-04
    2.77333774E-06    1.11847059E-04
    2.58586642E-06    1.12015255E-04
    2.40003573E-06    1.12171732E-04
    2.21657792E-06    1.12316613E-04
    2.03621620E-06    1.12450069E-04
    1.85966179E-06    1.12572316E-04
    1.68761115E-06    1.12683614E-04
    1.52074320E-06    1.12784265E-04
    1.35971663E-06    1.12874615E-04
    1.20516725E-06    1.12955049E-04
    1.05770550E-06    1.13025994E-04
    9.17913954E-07    1.13087912E-04
    7.86345067E-07    1.13141301E-04
    6.63518907E-07    1.13186694E-04
    5.49921100E-07    1.13224656E-04
    4.46000878E-07    1.13255781E-04
    3.52169278E-07    1.13280688E-04
    2.68797493E-07    1.13300025E-04
    1.96215383E-07    1.13314459E-04
    1.34710146E-07    1.13324677E-04
    8.45251698E-08    1.13331383E-04
    4.58590482E-08    1.13335295E-04
    1.88647851E-08    1.13337144E-04
    3.64917938E-09    1.13337665E-04
    2.72395215E-10    1.13337602E-04
    8.74772156E-09    1.13337700E-04
    2.90415196E-08    1.13338703E-04
    6.10733597E-08    1.13341352E-04
    1.04716347E-07    1.13346381E-04
    1.59797631E-07    1.13354514E-04
    2.26099110E-07    1.13366465E-04
    3.03358300E-07    1.13382930E-04
    3.91269399E-07    1.13404588E-04
    4.89484515E-07    1.13432098E-04
    5.97615067E-07    1.13466095E-04
    7.15233339E-07    1.13507188E-04
    8.41874207E-07    1.13555960E-04
    9.77036994E-07    1.13612959E-04
    1.12018748E-06    1.13678705E-04
    1.27076004E-06    1.13753681E-04
    1.42815991E-06    1.13838334E-04
    1.59176555E-06    1.13933071E-04
    1.76093110E-06    1.14038262E-04
    1.93498903E-06    1.14154234E-04
    2.11325270E-06    1.14281270E-04
    2.29501913E-06    1.14419613E-04
    2.47957181E-06    1.14569457E-04
    2.66618349E-06    1.14730954E-04
    2.85411908E-06    1.14904208E-04
    3.04263855E-06    1.15089278E-04
    3.23099985E-06    1.15286176E-04
    3.41846183E-06    1.15494867E-04
    3.60428713E-06    1.15715270E-04
    3.78774511E-06    1.15947259E-04
    3.96811469E-06    1.16190659E-04
    4.14468718E-06    1.16445255E-04
    4.31676905E-06    1.16710785E-04
    4.48368462E-06    1.16986945E-04
    4.64477872E-06    1.17273390E-04
    4.79941922E-06    1.17569733E-04
    4.94699950E-06    1.17875550E-04
    5.08694079E-06    1.18190380E-04
    5.21869442E-06    1.18513725E-04
    5.34174396E-06    1.18845055E-04
    5.45560720E-06    1.19183810E-04
    5.55983802E-06    1.19529399E-04
    5.65402812E-06    1.19881206E-04
    5.73780860E-06    1.20238588E-04
    5.81085134E-06    1.20600884E-04
    5.87287035E-06    1.20967411E-04
    5.92362277E-06    1.21337472E-04
    5.96290990E-06    1.21710354E-04
    5.99057790E-06    1.22085333E-04
    6.00651840E-06    1.22461679E-04
    6.01066896E-06    1.22838654E-04
    6.00301323E-06    1.23215520E-04
    5.98358108E-06    1.23591538E-04
    5.95244848E-06    1.23965973E-04
    5.90973718E-06    1.24338095E-04
    5.85561425E-06    1.24707184E-04
    5.79029147E-06    1.25072532E-04
    5.71402448E-06    1.25433444E-04
    5.62711180E-06    1.25789244E-04
    5.52989372E-06    1.26139275E-04
    5.42275094E-06    1.26482903E-04
    5.30610313E-06    1.26819519E-04
    5.18040730E-06    1.27148540E-04
    5.04615605E-06    1.27469414E-04
    4.90387563E-06    1.27781621E-04
    4.75412395E-06    1.28084674E-04
    4.59748839E-06    1.28378121E-04
    4.43458352E-06    1.28661550E-04
    4.26604871E-06    1.28934586E-04
    4.09254567E-06    1.29196896E-04
    3.91475583E-06    1.29448188E-04
    3.73337772E-06    1.29688214E-04
    3.54912422E-06    1.29916769E-04
    3.36271976E-06    1.30133695E-04
    3.17489752E-06    1.30338877E-04
    2.98639651E-06    1.30532250E-04
    2.79795869E-06    1.30713792E-04
    2.61032607E-06    1.30883529E-04
    2.42423771E-06    1.31041533E-04
    2.24042691E-06    1.31187922E-04
    2.05961821E-06    1.31322862E-04
    1.88252460E-06    1.31446562E-04
    1.70984463E-06    1.31559276E-04
    1.54225968E-06    1.31661301E-04
    1.38043126E-06    1.31752977E-04
    1.22499832E-06    1.31834685E-04
    1.07657477E-06    1.31906846E-04
    9.35746970E-07    1.31969916E-04
    8.03071451E-07    1.32024391E-04
    6.79072639E-07    1.32070799E-04
    5.64240779E-07    1.32109699E-04
    4.59029967E-07    1.32141683E-04
    3.63856330E-07    1.32167367E-04
    2.79096356E-07    1.32187395E-04
    2.05085381E-07    1.32202431E-04
    1.42116248E-07    1.32213160E-04
    9.04381215E-08    1.32220285E-04
    5.02554939E-08    1.32224521E-04
    2.17273591E-08    1.32226598E-04
    4.96657524E-09    1.32227250E-04
    3.94111598E-11    1.32227222E-04
    6.96528092E-09    1.32227256E-04
    2.57166671E-08    1.32228099E-04
    5.62192330E-08    1.32230491E-04
    9.83521240E-08    1.32235167E-04
    1.51948455E-07    1.32242854E-04
    2.16795985E-07    1.32254266E-04
    2.92637972E-07    1.32270102E-04
    3.79174206E-07    1.32291043E-04
    4.76062219E-07    1.32317751E-04
    5.82918662E-07    1.32350865E-04
    6.99320843E-07    1.32390997E-04
    8.24808428E-07    1.32438732E-04
    9.58885282E-07    1.32494626E-04
    1.10102146E-06    1.32559200E-04
    1.25065532E-06    1.32632942E-04
    1.40719579E-06    1.32716305E-04
    1.57002470E-06    1.32809701E-04
    1.73849924E-06    1.32913505E-04
    1.91195458E-06    1.33028049E-04
    2.08970644E-06    1.33153623E-04
    2.27105384E-06    1.33290474E-04
    2.45528189E-06    1.33438804E-04
    2.64166461E-06    1.33598769E-04
    2.82946777E-06    1.33770480E-04
    3.01795186E-06    1.33954002E-04
    3.20637494E-06    1.34149352E-04
    3.39399558E-06    1.34356503E-04
    3.58007580E-06    1.34575378E-04
    3.76388391E-06    1.34805858E-04
    3.94469745E-06    1.35047776E-04
    4.12180596E-06    1.35300919E-04
    4.29451378E-06    1.35565033E-04
    4.46214275E-06    1.35839820E-04
    4.62403489E-06    1.36124938E-04
    4.77955491E-06    1.36420008E-04
    4.92809272E-06    1.36724609E-04
    5.06906577E-06    1.37038285E-04
    5.20192135E-06    1.37360544E-04
    5.32613868E-06    1.37690859E-04
    5.44123096E-06    1.38028674E-04
    5.54674724E-06    1.38373402E-04
    5.64227416E-06    1.38724430E-04
    5.72743758E-06    1.39081119E-04
    5.80190395E-06    1.39442809E-04
    5.86538168E-06    1.39808821E-04
    5.91762221E-06    1.40178459E-04
    5.95842098E-06    1.40551012E-04
    5.98761822E-06    1.40925757E-04
    6.00509959E-06    1.41301966E-04
    6.01079656E-06    1.41678901E-04
    6.00468676E-06    1.42055824E-04
    5.98679399E-06    1.42431995E-04
    5.95718816E-06    1.42806679E-04
    5.91598504E-06    1.43179145E-04
    5.86334579E-06    1.43548673E-04
    5.79947636E-06    1.43914551E-04
    5.72462669E-06    1.44276083E-04
    5.63908975E-06    1.44632591E-04
    5.54320040E-06    1.44983415E-04
    5.43733414E-06    1.45327918E-04
    5.32190561E-06    1.45665486E-04
    5.19736702E-06    1.45995535E-04
    5.06420643E-06    1.46317507E-04
    4.92294580E-06    1.46630878E-04
    4.77413901E-06    1.46935157E-04
    4.61836972E-06    1.47229887E-04
    4.45624908E-06    1.47514650E-04
    4.28841336E-06    1.47789068E-04
    4.11552150E-06    1.48052800E-04
    3.93825252E-06    1.48305550E-04
    3.75730287E-06    1.48547063E-04
    3.57338372E-06    1.48777131E-04
    3.38721819E-06    1.48995586E-04
    3.19953846E-06    1.49202312E-04
    3.01108299E-06    1.49397233E-04
    2.82259352E-06    1.49580322E-04
    2.63481224E-06    1.49751601E-04
    2.44847880E-06    1.49911135E-04
    2.26432740E-06    1.50059036E-04
    2.08308393E-06    1.50195463E-04
    1.90546307E-06    1.50320620E-04
    1.73216542E-06    1.50434755E-04
    1.56387479E-06    1.50538160E-04
    1.40125544E-06    1.50631169E-04
    1.24494943E-06    1.50714158E-04
    1.09557410E-06    1.50787542E-04
    9.53719563E-07    1.50851774E-04
    8.19946372E-07    1.50907343E-04
    6.94783281E-07    1.50954775E-04
    5.78725123E-07    1.50994624E-04
    4.72230827E-07    1.51027478E-04
    3.75721580E-07    1.51053949E-04
    2.89579141E-07    1.51074679E-04
    2.14144301E-07    1.51090329E-04
    1.49715524E-07    1.51101582E-04
    9.65477375E-08    1.51109137E-04
    5.48513178E-08    1.51113710E-04
    2.47912379E-08    1.51116028E-04
    6.48640784E-09    1.51116824E-04
    9.19636416E-12    1.51116842E-04
    5.38514140E-09    1.51116826E-04
    2.25928487E-08    1.51117521E-04
    5.15640799E-08    1.51119669E-04
    9.21840288E-08    1.51124005E-04
    1.44291786E-07    1.51131258E-04
    2.07680988E-07    1.51142142E-04
    2.82100648E-07    1.51157361E-04
    3.67256172E-07    1.51177597E-04
    4.62810538E-07    1.51203514E-04
    5.68385655E-07    1.51235755E-04
    6.83563885E-07    1.51274936E-04
    8.07889713E-07    1.51321645E-04
    9.40871580E-07    1.51376441E-04
    1.08198385E-06    1.51439851E-04
    1.23066891E-06    1.51512368E-04
    1.38633941E-06    1.51594448E-04
    1.54838059E-06    1.51686510E-04
    1.71615276E-06    1.51788932E-04
    1.88899380E-06    1.51902054E-04
    2.06622185E-06    1.52026170E-04
    2.24713798E-06    1.52161533E-04
    2.43102898E-06    1.52308350E-04
    2.61717015E-06    1.52466785E-04
    2.80482822E-06    1.52636954E-04
    2.99326421E-06    1.52818928E-04
    3.18173635E-06    1.53012730E-04
    3.36950300E-06    1.53218339E-04
    3.55582557E-06    1.53435685E-04
    3.73997142E-06    1.53664654E-04
    3.92121673E-06    1.53905085E-04
    4.09884931E-06    1.54156772E-04
    4.27217142E-06    1.54419465E-04
    4.44050249E-06    1.54692872E-04
    4.60318175E-06    1.54976657E-04
    4.75957080E-06    1.55270446E-04
    4.90905612E-06    1.55573824E-04
    5.05105145E-06    1.55886338E-04
    5.18500002E-06    1.56207502E-04
    5.31037676E-06    1.56536792E-04
    5.42669032E-06    1.56873657E-04
    5.53348494E-06    1.57217513E-04
    5.63034225E-06    1.57567751E-04
    5.71688286E-06    1.57923735E-04
    5.79276784E-06    1.58284808E-04
    5.85770002E-06    1.58650293E-04
    5.91142513E-06    1.59019496E-04
    5.95373278E-06    1.59391707E-04
    5.98445731E-06    1.59766207E-04
    6.00347835E-06    1.60142266E-04
    6.01072137E-06    1.60519148E-04
    6.00615791E-06    1.60896114E-04
    5.98980571E-06    1.61272426E-04
    5.96172865E-06    1.61647347E-04
    5.92203649E-06    1.62020145E-04
    5.87088447E-06    1.62390099E-04
    5.80847270E-06    1.62756495E-04
    5.73504540E-06    1.63118636E-04
    5.65088995E-06    1.63475841E-04
    5.55633580E-06    1.63827447E-04
    5.45175318E-06    1.64172813E-04
    5.33755171E-06    1.64511325E-04
    5.21417878E-06    1.64842391E-04
    5.08211783E-06    1.65165452E-04
    4.94188651E-06    1.65479979E-04
    4.79403465E-06    1.65785476E-04
    4.63914213E-06    1.66081481E-04
    4.47781664E-06    1.66367573E-04
    4.31069133E-06    1.66643366E-04
    4.13842232E-06    1.66908515E-04
    3.96168615E-06    1.67162719E-04
    3.78117717E-06    1.67405717E-04
    3.59760478E-06    1.67637293E-04
    3.41169072E-06    1.67857277E-04
    3.22416618E-06    1.68065543E-04
    3.03576896E-06    1.68262012E-04
    2.84724057E-06    1.68446651E-04
    2.65932330E-06    1.68619472E-04
    2.47275733E-06    1.68780538E-04
    2.28827777E-06    1.68929953E-04
    2.10661177E-06    1.69067871E-04
    1.92847564E-06    1.69194489E-04
    1.75457202E-06    1.69310051E-04
    1.58558707E-06    1.69414841E-04
    1.42218777E-06    1.69509190E-04
    1.26501925E-06    1.69593466E-04
    1.11470223E-06    1.69668081E-04
    9.71830521E-07    1.69733483E-04
    8.36968691E-07    1.69790157E-04
    7.10649773E-07    1.69838621E-04
    5.93373154E-07    1.69879429E-04
    4.85602565E-07    1.69913163E-04
    3.87764227E-07    1.69940433E-04
    3.00245140E-07    1.69961877E-04
    2.23391530E-07    1.69978152E-04
    1.57507460E-07    1.69989941E-04
    1.02853605E-07    1.69997939E-04
    5.96462096E-08    1.70002861E-04
    2.80562148E-08    1.70005431E-04
    8.20857456E-09    1.70006385E-04
    1.81752858E-10    1.70006463E-04
    4.00740969E-09    1.70006409E-04
    1.96702755E-08    1.70006968E-04
    4.71082146E-08    1.70008884E-04
    8.62124775E-08    1.70012893E-04
    1.36828141E-07    1.70019723E-04
    1.98754732E-07    1.70030093E-04
    2.71747040E-07    1.70044706E-04
    3.55516102E-07    1.70064248E-04
    4.49730367E-07    1.70089385E-04
    5.54017029E-07    1.70120764E-04
    6.67963529E-07    1.70159003E-04
    7.91119204E-07    1.70204695E-04
    9.22997104E-07    1.70258403E-04
    1.06307594E-06    1.70320658E-04
    1.21080216E-06    1.70391957E-04
    1.36559218E-06    1.70472762E-04
    1.52683470E-06    1.70563496E-04
    1.69389316E-06    1.70664543E-04
    1.86610824E-06    1.70776247E-04
    2.04280052E-06    1.70898909E-04
    2.22327317E-06    1.71032787E-04
    2.40681469E-06    1.71178095E-04
    2.59270176E-06    1.71335002E-04
    2.78020207E-06    1.71503630E-04
    2.96857724E-06    1.71684056E-04
    3.15708573E-06    1.71876311E-04
    3.34498572E-06    1.72080377E-04
    3.53153809E-06    1.72296192E-04
    3.71600925E-06    1.72523647E-04
    3.89767409E-06    1.72762587E-04
    4.07581876E-06    1.73012813E-04
    4.24974349E-06    1.73274080E-04
    4.41876531E-06    1.73546102E-04
    4.58222071E-06    1.73828548E-04
    4.73946825E-06    1.74121049E-04
    4.88989101E-06    1.74423196E-04
    5.03289902E-06    1.74734540E-04
    5.16793155E-06    1.75054599E-04
    5.29445926E-06    1.75382855E-04
    5.41198626E-06    1.75718760E-04
    5.52005202E-06    1.76061734E-04
    5.61823318E-06    1.76411171E-04
    5.70614516E-06    1.76766439E-04
    5.78344363E-06    1.77126883E-04
    5.84982588E-06    1.77491829E-04
    5.90503195E-06    1.77860584E-04
    5.94884564E-06    1.78232442E-04
    5.98109537E-06    1.78606684E-04
    6.00165482E-06    1.78982580E-04
    6.01044339E-06    1.79359396E-04
    6.00742657E-06    1.79736393E-04
    5.99261605E-06    1.80112833E-04
    5.96606964E-06    1.80487978E-04
    5.92789112E-06    1.80861096E-04
    5.87822977E-06    1.81231464E-04
    5.81727987E-06    1.81598366E-04
    5.74527989E-06    1.81961105E-04
    5.66251161E-06    1.82318994E-04
    5.56929903E-06    1.82671371E-04
    5.46600711E-06    1.83017591E-04
    5.35304040E-06    1.83357035E-04
    5.23084143E-06    1.83689110E-04
    5.09988902E-06    1.84013251E-04
    4.96069647E-06    1.84328925E-04
    4.81380950E-06    1.84635632E-04
    4.65980420E-06    1.84932906E-04
    4.49928476E-06    1.85220319E-04
    4.33288113E-06    1.85497481E-04
    4.16124658E-06    1.85764043E-04
    3.98505514E-06    1.86019696E-04
    3.80499900E-06    1.86264175E-04
    3.62178576E-06    1.86497257E-04
    3.43613573E-06    1.86718767E-04
    3.24877902E-06    1.86928573E-04
    3.06045276E-06    1.87126589E-04
    2.87189815E-06    1.87312776E-04
    2.68385759E-06    1.87487142E-04
    2.49707169E-06    1.87649741E-04
    2.31227642E-06    1.87800673E-04
    2.13020014E-06    1.87940085E-04
    1.95156078E-06    1.88068169E-04
    1.77706291E-06    1.88185162E-04
    1.60739504E-06    1.88291343E-04
    1.44322683E-06    1.88387038E-04
    1.28520641E-06    1.88472609E-04
    1.13395784E-06    1.88548463E-04
    9.90078620E-07    1.88615043E-04
    8.54137257E-07    1.88672829E-04
    7.26671043E-07    1.88722336E-04
    6.08183883E-07    1.88764113E-04
    4.99144279E-07    1.88798738E-04
    3.99983457E-07    1.88826818E-04
    3.11093634E-07    1.88848986E-04
    2.32826445E-07    1.88865899E-04
    1.65491531E-07    1.88878234E-04
    1.09355299E-07    1.88886688E-04
    6.46398455E-08    1.88891971E-04
    3.15220692E-08    1.88894808E-04
    1.01329591E-08    1.88895931E-04
