                 x                 y
0.00000000E+00    6.28318531E+00
-3.94393391E-01    6.27078287E+00
-7.87225214E-01    6.23362495E+00
-1.17694019E+00    6.17185953E+00
-1.56199561E+00    6.08573256E+00
-1.94086751E+00    5.97558698E+00
-2.31205684E+00    5.84186124E+00
-2.67409545E+00    5.68508757E+00
-3.02555202E+00    5.50588975E+00
-3.36503776E+00    5.30498057E+00
-3.69121197E+00    5.08315886E+00
-4.00278740E+00    4.84130629E+00
-4.29853535E+00    4.58038373E+00
-4.57729057E+00    4.30142729E+00
-4.83795581E+00    4.00554416E+00
-5.07950620E+00    3.69390810E+00
-5.30099324E+00    3.36775461E+00
-5.50154849E+00    3.02837601E+00
-5.68038693E+00    2.67711617E+00
-5.83681000E+00    2.31536513E+00
-5.97020825E+00    1.94455345E+00
-6.08006364E+00    1.56614655E+00
-6.16595149E+00    1.18163881E+00
-6.22754197E+00    7.92547600E-01
-6.26460135E+00    4.00407286E-01
-6.27699271E+00    6.76311170E-03
-6.26467638E+00   -3.86834890E-01
-6.22770994E+00   -7.78838014E-01
-6.16624786E+00   -1.16770497E+00
-6.08054073E+00   -1.55190791E+00
-5.97093414E+00   -1.92993842E+00
-5.83786723E+00   -2.30031337E+00
-5.68187078E+00   -2.66158068E+00
-5.50356506E+00   -3.01232498E+00
-5.30365726E+00   -3.35117300E+00
-5.08293866E+00   -3.67679895E+00
-4.84228141E+00   -3.98792954E+00
-4.58263504E+00   -4.28334890E+00
-4.30502273E+00   -4.56190321E+00
-4.01053724E+00   -4.82250511E+00
-3.70033659E+00   -5.06413783E+00
-3.37563957E+00   -5.28585904E+00
-3.03772093E+00   -5.48680447E+00
-2.68790642E+00   -5.66619110E+00
-2.32756769E+00   -5.82332020E+00
-1.95811691E+00   -5.95757990E+00
-1.58100134E+00   -6.06844755E+00
-1.19769774E+00   -6.15549162E+00
-8.09706696E-01   -6.21837340E+00
-4.18546797E-01   -6.25684821E+00
-2.57488296E-02   -6.27076633E+00
3.67150120E-01   -6.26007362E+00
7.58612574E-01   -6.22481162E+00
1.14710657E+00   -6.16511749E+00
1.53111157E+00   -6.08122345E+00
1.90912427E+00   -5.97345591E+00
2.27966443E+00   -5.84223425E+00
2.64128055E+00   -5.68806925E+00
2.99255550E+00   -5.51156117E+00
3.33211197E+00   -5.31339748E+00
3.65861784E+00   -5.09435028E+00
3.97079131E+00   -4.85527335E+00
4.26740594E+00   -4.59709899E+00
4.54729540E+00   -4.32083442E+00
4.80935807E+00   -4.02755799E+00
5.05256137E+00   -3.71841507E+00
5.27594580E+00   -3.39461370E+00
5.47862882E+00   -3.05741992E+00
5.65980832E+00   -2.70815301E+00
5.81876586E+00   -2.34818033E+00
5.95486959E+00   -1.97891212E+00
6.06757683E+00   -1.60179601E+00
6.15643630E+00   -1.21831146E+00
6.22109003E+00   -8.29963980E-01
6.26127488E+00   -4.38279273E-01
6.27682376E+00   -4.47972901E-02
6.26766636E+00    3.48933814E-01
6.23382962E+00    7.41363760E-01
6.17543775E+00    1.13094625E+00
6.09271188E+00    1.51614509E+00
5.98596932E+00    1.89544025E+00
5.85562247E+00    2.26733395E+00
5.70217730E+00    2.63035658E+00
5.52623147E+00    2.98307263E+00
5.32847208E+00    3.32408640E+00
5.10967306E+00    3.65204763E+00
4.87069217E+00    3.96565691E+00
4.61246772E+00    4.26367098E+00
4.33601489E+00    4.54490774E+00
4.04242174E+00    4.80825101E+00
3.73284498E+00    5.05265513E+00
3.40850533E+00    5.27714917E+00
3.07068274E+00    5.48084092E+00
2.72071128E+00    5.66292053E+00
2.35997381E+00    5.82266382E+00
1.98989647E+00    5.95943527E+00
1.61194296E+00    6.07269059E+00
1.22760868E+00    6.16197898E+00
8.38414705E-01    6.22694500E+00
4.45901666E-01    6.26733001E+00
5.16235710E-02    6.28297322E+00
-3.42858475E-01    6.27381239E+00
-7.35982549E-01    6.23988407E+00
-1.12619221E+00    6.18132342E+00
-1.51194276E+00    6.09836371E+00
-1.89170747E+00    5.99133530E+00
-2.26398371E+00    5.86066431E+00
-2.62729902E+00    5.70687087E+00
-2.98021697E+00    5.53056697E+00
-3.32134293E+00    5.33245392E+00
-3.64932968E+00    5.11331954E+00
-3.96288275E+00    4.87403488E+00
-4.26076555E+00    4.61555065E+00
-4.54180433E+00    4.33889337E+00
-4.80489278E+00    4.04516120E+00
-5.04899639E+00    3.73551940E+00
-5.27315652E+00    3.41119567E+00
-5.47649410E+00    3.07347517E+00
-5.65821310E+00    2.72369528E+00
-5.81760353E+00    2.36324025E+00
-5.95404421E+00    1.99353563E+00
-6.06700505E+00    1.61604255E+00
-6.15604909E+00    1.23225185E+00
-6.22083406E+00    8.43678190E-01
-6.26111360E+00    4.51853971E-01
-6.27673812E+00    5.83232906E-02
-6.26765520E+00   -3.35364174E-01
-6.23390971E+00   -7.27659272E-01
-6.17564345E+00   -1.11701947E+00
-6.09309446E+00   -1.50191489E+00
-5.98659595E+00   -1.88083431E+00
-5.85657485E+00   -2.25229102E+00
-5.70355004E+00   -2.61482862E+00
-5.52813014E+00   -2.96702665E+00
-5.33101108E+00   -3.30750609E+00
-5.11297322E+00   -3.63493467E+00
-4.87487824E+00   -3.94803197E+00
-4.61766570E+00   -4.24557436E+00
-4.34234928E+00   -4.52639964E+00
-4.05001279E+00   -4.78941152E+00
-3.74180589E+00   -5.03358375E+00
-3.41893962E+00   -5.25796404E+00
-3.08268158E+00   -5.46167767E+00
-2.73435111E+00   -5.64393078E+00
-2.37531406E+00   -5.80401340E+00
-2.00697756E+00   -5.94130211E+00
-1.63078454E+00   -6.05526239E+00
-1.24820818E+00   -6.14545063E+00
-8.60746243E-01   -6.21151583E+00
-4.69915263E-01   -6.25320085E+00
-7.72447526E-02   -6.27034345E+00
3.15728697E-01   -6.26287686E+00
7.07467321E-01   -6.23083005E+00
1.09643809E+00   -6.17432759E+00
1.48111860E+00   -6.09358923E+00
1.86000295E+00   -5.98892904E+00
2.23160750E+00   -5.86075426E+00
2.59447664E+00   -5.70956375E+00
2.94718835E+00   -5.53594612E+00
3.28835975E+00   -5.34057751E+00
3.61665244E+00   -5.12421906E+00
3.93077768E+00   -4.88771403E+00
4.22950144E+00   -4.63198460E+00
4.51164917E+00   -4.35802838E+00
4.77611046E+00   -4.06691464E+00
5.02184337E+00   -3.75978023E+00
5.24787856E+00   -3.43782524E+00
5.45332311E+00   -3.10230845E+00
5.63736415E+00   -2.75454246E+00
5.79927204E+00   -2.39588869E+00
5.93840338E+00   -2.02775210E+00
6.05420365E+00   -1.65157583E+00
6.14620943E+00   -1.26883553E+00
6.21405041E+00   -8.81033719E-01
6.25745095E+00   -4.89693853E-01
6.27623130E+00   -9.63544358E-02
6.27030845E+00    2.97437031E-01
6.23969661E+00    6.90130125E-01
6.18450726E+00    1.08017760E+00
6.10494890E+00    1.46604153E+00
6.00132636E+00    1.84619935E+00
5.87403969E+00    2.21914995E+00
5.72358275E+00    2.58341966E+00
5.55054139E+00    2.93756811E+00
5.35559118E+00    3.28019402E+00
5.13949492E+00    3.60994081E+00
4.90309966E+00    3.92550212E+00
4.64733342E+00    4.22562701E+00
4.37320162E+00    4.50912508E+00
4.08178310E+00    4.77487125E+00
3.77422590E+00    5.02181040E+00
3.45174270E+00    5.24896160E+00
3.11560607E+00    5.45542215E+00
2.76714334E+00    5.64037124E+00
2.40773137E+00    5.80307337E+00
2.03879101E+00    5.94288127E+00
1.66178143E+00    6.05923866E+00
1.27819425E+00    6.15168245E+00
8.89547564E-01    6.21984468E+00
4.97379824E-01    6.26345403E+00
1.03243656E-01    6.28233696E+00
-2.91300398E-01    6.27641836E+00
-6.84690168E-01    6.24572193E+00
-1.07536815E+00    6.19037002E+00
-1.46178778E+00    6.11058317E+00
-1.84241964E+00    6.00667918E+00
-2.21575767E+00    5.87907178E+00
-2.58032514E+00    5.72826896E+00
-2.93468063E+00    5.55487088E+00
-3.27742379E+00    5.35956738E+00
-3.60720094E+00    5.14313514E+00
-3.92271048E+00    4.90643454E+00
-4.22270803E+00    4.65040612E+00
-4.50601142E+00    4.37606671E+00
-4.77150533E+00    4.08450533E+00
-5.01814569E+00    3.77687872E+00
-5.24496378E+00    3.45440667E+00
-5.45106999E+00    3.11836708E+00
-5.63565731E+00    2.77009075E+00
-5.79800437E+00    2.41095609E+00
-5.93747829E+00    2.04238349E+00
-6.05353699E+00    1.66582971E+00
-6.14573124E+00    1.28278197E+00
-6.21370635E+00    8.94752080E-01
-6.25720337E+00    5.03270400E-01
-6.27606001E+00    1.09879768E-01
-6.27021115E+00   -2.83870598E-01
-6.23968891E+00   -6.76431205E-01
-6.18462243E+00   -1.06625838E+00
-6.10523718E+00   -1.45182033E+00
-6.00185395E+00   -1.83160311E+00
-5.87488747E+00   -2.20411653E+00
-5.72484464E+00   -2.56789997E+00
-5.55232242E+00   -2.92152800E+00
-5.35800540E+00   -3.26361591E+00
-5.14266300E+00   -3.59282505E+00
-4.90714637E+00   -3.90786796E+00
-4.65238502E+00   -4.20751333E+00
-4.37938306E+00   -4.49059067E+00
-4.08921529E+00   -4.75599481E+00
-3.78302294E+00   -5.00269011E+00
-3.46200918E+00   -5.22971436E+00
-3.12743444E+00   -5.43618247E+00
-2.78061149E+00   -5.62128978E+00
-2.42290033E+00   -5.78431514E+00
-2.05570293E+00   -5.92462361E+00
-1.68045782E+00   -6.04166885E+00
-1.29863449E+00   -6.13499520E+00
-9.11727773E-01   -6.20423936E+00
-5.21252055E-01   -6.24913179E+00
-1.28735467E-01   -6.26949772E+00
2.64285997E-01   -6.26525776E+00
6.56274388E-01   -6.23642829E+00
1.04569571E+00   -6.18312130E+00
1.43102581E+00   -6.10554406E+00
1.81075626E+00   -6.00399827E+00
2.18340016E+00   -5.87887901E+00
2.54749784E+00   -5.73067316E+00
2.90162253E+00   -5.55995766E+00
3.24438586E+00   -5.36739728E+00
3.57444323E+00   -5.15374217E+00
3.89049906E+00   -4.91982496E+00
4.19131179E+00   -4.66655769E+00
4.47569876E+00   -4.39492827E+00
4.74254082E+00   -4.10599684E+00
4.99078676E+00   -3.80089163E+00
5.21945743E+00   -3.48080473E+00
5.42764965E+00   -3.14698754E+00
5.61453978E+00   -2.80074591E+00
5.77938708E+00   -2.44343521E+00
5.92153663E+00   -2.07645508E+00
6.04042208E+00   -1.70124400E+00
6.13556793E+00   -1.31927378E+00
6.20659157E+00   -9.32043786E-01
6.25320483E+00   -5.41075160E-01
6.27521536E+00   -1.47904847E-01
6.27252743E+00    2.45920411E-01
6.24514252E+00    6.38850151E-01
6.19315939E+00    1.02933629E+00
6.11677390E+00    1.41583926E+00
6.01627833E+00    1.79683407E+00
5.89206041E+00    2.17081640E+00
5.74460184E+00    2.53630858E+00
5.57447659E+00    2.89186551E+00
5.38234871E+00    3.23608041E+00
5.16896978E+00    3.56759050E+00
4.93517609E+00    3.88508252E+00
4.68188532E+00    4.18729794E+00
4.41009305E+00    4.47303816E+00
4.12086882E+00    4.74116928E+00
3.81535193E+00    4.99062677E+00
3.49474696E+00    5.22041978E+00
3.16031897E+00    5.42963516E+00
2.81338851E+00    5.61744124E+00
2.45532632E+00    5.78309119E+00
2.08754786E+00    5.92592611E+00
1.71150766E+00    6.04537770E+00
1.32869349E+00    6.14097062E+00
9.40620340E-01    6.21232445E+00
5.48824388E-01    6.25915521E+00
1.54856771E-01    6.28127658E+00
-2.39722641E-01    6.27860061E+00
-6.33351536E-01    6.25113815E+00
-1.02447145E+00    6.19899872E+00
-1.41153406E+00    6.12239013E+00
-1.79300737E+00    6.02161757E+00
-2.16738197E+00    5.89708239E+00
-2.53317698E+00    5.74928039E+00
-2.88894608E+00    5.57879987E+00
-3.23328330E+00    5.38631910E+00
-3.56482859E+00    5.17260363E+00
-3.88227330E+00    4.93850311E+00
-4.18436535E+00    4.68494780E+00
-4.46991423E+00    4.41294479E+00
-4.73779569E+00    4.12357391E+00
-4.98695617E+00    3.81798327E+00
-5.21641693E+00    3.49738469E+00
-5.42527788E+00    3.16304870E+00
-5.61272107E+00    2.81629947E+00
-5.77801384E+00    2.45850942E+00
-5.92051161E+00    2.09109373E+00
-6.03966035E+00    1.71550467E+00
-6.13499863E+00    1.33322574E+00
-6.20615931E+00    9.45765822E-01
-6.25287090E+00    5.54653103E-01
-6.27495843E+00    1.61429064E-01
-6.27234405E+00   -2.32357636E-01
-6.24504715E+00   -6.25157269E-01
-6.19318419E+00   -1.01542513E+00
-6.11696806E+00   -1.40162760E+00
-6.01670712E+00   -1.78224813E+00
-5.89280384E+00   -2.15579315E+00
-5.74575314E+00   -2.52079790E+00
-5.57614026E+00   -2.87583209E+00
-5.38463841E+00   -3.21950541E+00
-5.17200601E+00   -3.55047293E+00
-4.93908363E+00   -3.86744022E+00
-4.68679066E+00   -4.16916838E+00
-4.41612158E+00   -4.45447870E+00
-4.12814212E+00   -4.72225723E+00
-3.82398496E+00   -4.97145898E+00
-3.50484536E+00   -5.20111191E+00
-3.17197647E+00   -5.41032059E+00
-2.82668442E+00   -5.59826964E+00
-2.47032327E+00   -5.76422676E+00
-2.10428974E+00   -5.90754554E+00
-1.73001783E+00   -6.02766786E+00
-1.34897327E+00   -6.12412603E+00
-9.62647848E-01   -6.19654449E+00
-5.72553710E-01   -6.24464131E+00
-1.80217501E-01   -6.26822918E+00
2.12825487E-01   -6.26721615E+00
6.05037224E-01   -6.24160595E+00
9.94882847E-01   -6.19149803E+00
1.38083657E+00   -6.11708712E+00
1.76138753E+00   -6.01866258E+00
2.13504565E+00   -5.89660725E+00
2.50034733E+00   -5.75139604E+00
2.85586112E+00   -5.58359417E+00
3.20019326E+00   -5.39385500E+00
3.53199306E+00   -5.18291761E+00
3.84995816E+00   -4.95160399E+00
4.15283957E+00   -4.70081592E+00
4.43944658E+00   -4.43153162E+00
4.70865141E+00   -4.14480195E+00
4.95939362E+00   -3.84174650E+00
5.19068434E+00   -3.52354927E+00
5.40161016E+00   -3.19145416E+00
5.59133677E+00   -2.84676023E+00
5.75911232E+00   -2.49081671E+00
5.90427047E+00   -2.12501777E+00
6.02623306E+00   -1.75079719E+00
6.12451255E+00   -1.36962279E+00
6.19871401E+00   -9.82990741E-01
6.24853683E+00   -5.92419728E-01
6.27377602E+00   -1.99445044E-01
6.27432316E+00    1.94387431E-01
6.25016699E+00    5.87527299E-01
6.20139356E+00    9.78425747E-01
6.12818607E+00    1.36554166E+00
6.03082424E+00    1.74734774E+00
5.90968341E+00    2.12233655E+00
5.76523314E+00    2.48902652E+00
5.59803547E+00    2.84596791E+00
5.40874286E+00    3.19174855E+00
5.19809566E+00    3.52499956E+00
4.96691930E+00    3.84440082E+00
4.71612108E+00    4.14868637E+00
4.44668668E+00    4.43664942E+00
4.15967625E+00    4.70714737E+00
3.85622030E+00    4.95910635E+00
3.53751520E+00    5.19152562E+00
3.20481844E+00    5.40348170E+00
2.85944367E+00    5.59413206E+00
2.50275543E+00    5.76271864E+00
2.13616370E+00    5.90857091E+00
1.76111829E+00    6.03110863E+00
1.37910298E+00    6.12984423E+00
9.91629584E-01    6.20438484E+00
6.00231884E-01    6.25443384E+00
2.06459429E-01    6.27979215E+00
-1.88128688E-01    6.28035900E+00
-5.81970118E-01    6.25613235E+00
-9.73505550E-01    6.20720893E+00
-1.36118499E+00    6.13378378E+00
-1.74347399E+00    6.03614948E+00
-2.11885987E+00    5.91469492E+00
-2.48585771E+00    5.76990375E+00
-2.84301642E+00    5.60235230E+00
-3.18892444E+00    5.41270729E+00
-3.52221549E+00    5.20172304E+00
-3.84157394E+00    4.97023841E+00
-4.14574010E+00    4.71917335E+00
-4.43351521E+00    4.44952512E+00
-4.70376615E+00    4.16236429E+00
-4.95542994E+00    3.85883028E+00
-5.18751790E+00    3.54012682E+00
-5.39911951E+00    3.20751702E+00
-5.58940595E+00    2.86231830E+00
-5.75763327E+00    2.50589703E+00
-5.90314530E+00    2.13966306E+00
-6.02537607E+00    1.76506408E+00
-6.12385197E+00    1.38357978E+00
-6.19819346E+00    9.96715975E-01
-6.24811650E+00    6.05998611E-01
-6.27343345E+00    2.12967702E-01
-6.27405375E+00   -1.80828763E-01
-6.24998406E+00   -5.73840924E-01
-6.20132815E+00   -9.64523147E-01
-6.12828631E+00   -1.35134009E+00
-6.03115444E+00   -1.73277270E+00
-5.91032276E+00   -2.10732413E+00
-5.76627412E+00   -2.47352559E+00
-5.59958204E+00   -2.82994201E+00
-5.41090830E+00   -3.17517758E+00
-5.20100025E+00   -3.50788116E+00
-4.97068786E+00   -3.82675148E+00
-4.72088029E+00   -4.13054210E+00
-4.45256236E+00   -4.41806618E+00
-4.16679062E+00   -4.68820106E+00
-3.86468917E+00   -4.93989247E+00
-3.54744527E+00   -5.17215860E+00
-3.21630468E+00   -5.38409377E+00
-2.87256682E+00   -5.57487190E+00
-2.51757969E+00   -5.74374961E+00
-2.15273471E+00   -5.89006905E+00
-1.77946123E+00   -6.01326036E+00
-1.39922111E+00   -6.11284385E+00
-1.01350304E+00   -6.18843174E+00
-6.23816771E-01   -6.23972971E+00
-2.31687384E-01   -6.26653794E+00
1.61350639E-01   -6.26875189E+00
5.53759286E-01   -6.24636270E+00
9.44002935E-01   -6.19945721E+00
1.33055425E+00   -6.12821765E+00
1.71190008E+00   -6.03292098E+00
2.08654723E+00   -5.91393780E+00
2.45302828E+00   -5.77173101E+00
2.80990721E+00   -5.60685407E+00
3.15578494E+00   -5.41994888E+00
3.48930480E+00   -5.21174342E+00
3.80915771E+00   -4.98304896E+00
4.11408737E+00   -4.73475700E+00
4.40289509E+00   -4.46783594E+00
4.67444451E+00   -4.18332736E+00
4.92766608E+00   -3.88234209E+00
5.16156123E+00   -3.56605596E+00
5.37520641E+00   -3.23570533E+00
5.56775667E+00   -2.89258234E+00
5.73844915E+00   -2.53802998E+00
5.88660606E+00   -2.17343689E+00
6.01163754E+00   -1.80023204E+00
6.11304401E+00   -1.41987918E+00
6.19041826E+00   -1.03387115E+00
6.24344725E+00   -6.43724093E-01
6.27191337E+00   -2.50971552E-01
6.27569552E+00    1.42841567E-01
6.25476970E+00    5.36165033E-01
6.20920923E+00    9.27449404E-01
6.13918464E+00    1.31515214E+00
6.04496309E+00    1.69774371E+00
5.92690752E+00    2.07371367E+00
5.78547526E+00    2.44157668E+00
5.62121644E+00    2.79987842E+00
5.43477186E+00    3.14720145E+00
5.22687059E+00    3.48217085E+00
4.99832714E+00    3.80345979E+00
4.75003840E+00    4.10979489E+00
4.48298004E+00    4.39996133E+00
4.19820279E+00    4.67280782E+00
3.89682826E+00    4.92725125E+00
3.58004453E+00    5.16228108E+00
3.24910147E+00    5.37696353E+00
2.90530571E+00    5.57044529E+00
2.55001551E+00    5.74195710E+00
2.18463527E+00    5.89081686E+00
1.81060997E+00    6.01643242E+00
1.42941932E+00    6.11830403E+00
1.04257185E+00    6.19602637E+00
6.51598842E-01    6.24929022E+00
2.58048148E-01    6.27788376E+00
-1.36522021E-01    6.28169339E+00
-5.30549385E-01    6.26070421E+00
-9.22473885E-01    6.21500010E+00
-1.31074397E+00    6.14476335E+00
-1.69382284E+00    6.05027391E+00
-2.07019465E+00    5.93190820E+00
-2.43837055E+00    5.79013763E+00
-2.79689473E+00    5.62552659E+00
-3.14435021E+00    5.43873015E+00
-3.47936451E+00    5.23049138E+00
-3.80061515E+00    5.00163830E+00
-4.10683490E+00    4.75308045E+00
-4.39681681E+00    4.48580524E+00
-4.66941900E+00    4.20087385E+00
-4.92356912E+00    3.89941698E+00
-5.15826863E+00    3.58263017E+00
-5.37259664E+00    3.25176904E+00
-5.56571350E+00    2.90814414E+00
-5.73686406E+00    2.55311572E+00
-5.88538055E+00    2.18808821E+00
-6.01068512E+00    1.81450460E+00
-6.11229201E+00    1.43384067E+00
-6.18980933E+00    1.04759910E+00
-6.24294047E+00    6.57303461E-01
-6.27148517E+00    2.64492203E-01
-6.27534014E+00   -1.29287457E-01
-6.25449931E+00   -5.22485631E-01
-6.20905376E+00   -9.13555863E-01
-6.13919117E+00   -1.30096119E+00
-6.04519495E+00   -1.68318015E+00
-5.92744303E+00   -2.05871275E+00
-5.78640621E+00   -2.42608623E+00
-5.62264619E+00   -2.78386084E+00
-5.43681330E+00   -3.13063539E+00
-5.22964379E+00   -3.46505263E+00
-5.00195692E+00   -3.78580448E+00
-4.75465162E+00   -4.09163709E+00
-4.48870295E+00   -4.38135556E+00
-4.20515821E+00   -4.65382859E+00
-3.90513285E+00   -4.90799271E+00
-3.58980604E+00   -5.14285640E+00
-3.26041607E+00   -5.35750378E+00
-2.91825557E+00   -5.55109813E+00
-2.56466641E+00   -5.72288506E+00
-2.20103456E+00   -5.87219531E+00
-1.82878468E+00   -5.99844732E+00
-1.44937465E+00   -6.10114942E+00
-1.06428991E+00   -6.17990165E+00
-6.75037780E-01   -6.23439732E+00
-2.83141644E-01   -6.26442410E+00
1.09864921E-01   -6.26986488E+00
5.02444031E-01   -6.25069820E+00
8.93059403E-01   -6.20699830E+00
1.28018227E+00   -6.13893489E+00
1.66229724E+00   -6.04677250E+00
2.03790817E+00   -5.93086948E+00
2.40554389E+00   -5.79167670E+00
2.76376389E+00   -5.62973579E+00
3.11116390E+00   -5.44567717E+00
3.44638131E+00   -5.24021766E+00
3.76810047E+00   -5.01415775E+00
4.07505781E+00   -4.76837863E+00
4.36604675E+00   -4.50383880E+00
4.63992244E+00   -4.22157048E+00
4.89560627E+00   -3.92267566E+00
5.13209007E+00   -3.60832195E+00
5.34844017E+00   -3.27973805E+00
5.54380108E+00   -2.93820913E+00
5.71739894E+00   -2.58507183E+00
5.86854462E+00   -2.22170918E+00
5.99663652E+00   -1.84954523E+00
6.10116309E+00   -1.47003955E+00
6.18170490E+00   -1.08468157E+00
6.23793644E+00   -6.94984794E-01
6.26962754E+00   -3.02480892E-01
6.27664442E+00    9.12862973E-02
6.25895033E+00    4.84766819E-01
6.21660587E+00    8.76410704E-01
6.14976888E+00    1.26467409E+00
6.05869394E+00    1.64802532E+00
5.94373156E+00    2.02495105E+00
5.80532685E+00    2.39396225E+00
5.64401794E+00    2.75360015E+00
5.46043396E+00    3.10244210E+00
5.25529262E+00    3.43910726E+00
5.02939751E+00    3.76226218E+00
4.78363498E+00    4.07062613E+00
4.51897068E+00    4.36297635E+00
4.23644582E+00    4.63815295E+00
3.93717305E+00    4.89506363E+00
3.62233210E+00    5.13268814E+00
3.29316506E+00    5.35008244E+00
2.95097153E+00    5.54638252E+00
2.59710335E+00    5.72080797E+00
2.23295929E+00    5.87266516E+00
1.85997936E+00    6.00135007E+00
1.47963912E+00    6.10635079E+00
1.09344370E+00    6.18724961E+00
7.02921792E-01    6.24372472E+00
3.09619443E-01    6.27555155E+00
-8.49061254E-02    6.28260370E+00
-4.79092806E-01    6.26485340E+00
-8.71379902E-01    6.22237171E+00
-1.26021441E+00    6.15532811E+00
-1.64405728E+00    6.06398991E+00
-2.02138959E+00    5.94872106E+00
-2.39071869E+00    5.80998068E+00
-2.75058414E+00    5.64832117E+00
-3.09956361E+00    5.46438593E+00
-3.43627855E+00    5.25890672E+00
-3.75939969E+00    5.03270065E+00
-4.06765236E+00    4.78666682E+00
-4.35982151E+00    4.52178268E+00
-4.63475655E+00    4.23910001E+00
-4.89137587E+00    3.93974063E+00
-5.12867110E+00    3.62489188E+00
-5.34571105E+00    3.29580176E+00
-5.54164532E+00    2.95377390E+00
-5.71570758E+00    2.60016230E+00
-5.86721854E+00    2.23636589E+00
-5.99558849E+00    1.86382288E+00
-6.10031954E+00    1.48400503E+00
-6.18100747E+00    1.09841176E+00
-6.23734316E+00    7.08564190E-01
-6.26911371E+00    3.15999091E-01
-6.27620312E+00   -7.77371941E-02
-6.25859259E+00   -4.71094856E-01
-6.21636050E+00   -8.62526715E-01
-6.14968189E+00   -1.25049430E+00
-6.05882770E+00   -1.63347385E+00
-5.94416351E+00   -2.00996228E+00
-5.80614803E+00   -2.37848301E+00
-5.64533115E+00   -2.73759171E+00
-5.46235166E+00   -3.08588186E+00
-5.25793468E+00   -3.42199020E+00
-5.03288870E+00   -3.74460198E+00
-4.78810236E+00   -4.05245597E+00
-4.52454089E+00   -4.34434932E+00
-4.24324229E+00   -4.61914213E+00
-3.94531326E+00   -4.87576185E+00
-3.63192480E+00   -5.11320727E+00
-3.30430767E+00   -5.33055241E+00
-2.96374760E+00   -5.52694996E+00
-2.61158025E+00   -5.70163453E+00
-2.24918605E+00   -5.85392553E+00
-1.87798486E+00   -5.98322974E+00
-1.49943048E+00   -6.08904353E+00
-1.11500503E+00   -6.17095480E+00
-7.26213283E-01   -6.22864449E+00
-3.34576813E-01   -6.26188780E+00
5.83718063E-02   -6.27055506E+00
4.51094918E-01   -6.25461217E+00
8.42055686E-01   -6.21412081E+00
1.22972400E+00   -6.14923812E+00
1.61258237E+00   -6.06021622E+00
1.98913176E+00   -5.94740117E+00
2.35789736E+00   -5.81123175E+00
2.71743428E+00   -5.65223778E+00
3.06633313E+00   -5.47103812E+00
3.40322549E+00   -5.26833840E+00
3.72678921E+00   -5.04492828E+00
4.03575352E+00   -4.80167855E+00
4.32890405E+00   -4.53953776E+00
4.60508753E+00   -4.25952872E+00
4.86321636E+00   -3.96274450E+00
5.10227284E+00   -3.65034438E+00
5.32131325E+00   -3.32354937E+00
5.51947162E+00   -2.98363752E+00
5.69596313E+00   -2.63193910E+00
5.85008734E+00   -2.26983138E+00
5.98123101E+00   -1.89873342E+00
6.08887061E+00   -1.52010052E+00
6.17257450E+00   -1.13541858E+00
6.23200478E+00   -7.46198372E-01
6.26691869E+00   -3.53969589E-01
6.27716979E+00    3.97251016E-02
6.26270860E+00    4.33336125E-01
6.22358298E+00    8.25313092E-01
6.15993807E+00    1.21411092E+00
6.07201587E+00    1.59819593E+00
5.96015441E+00    1.97605198E+00
5.82478656E+00    2.34618645E+00
5.66643843E+00    2.70713622E+00
5.48572741E+00    3.05747353E+00
5.28335984E+00    3.39581172E+00
5.06012830E+00    3.72081077E+00
4.81690856E+00    4.03118275E+00
4.55465618E+00    4.32569699E+00
4.27440278E+00    4.60318509E+00
3.97725197E+00    4.86254567E+00
3.66437503E+00    5.10274880E+00
3.33700625E+00    5.32284025E+00
2.99643805E+00    5.52194538E+00
2.64401580E+00    5.69927268E+00
2.28113249E+00    5.85411703E+00
1.90922312E+00    5.98586259E+00
1.52975898E+00    6.09398533E+00
1.14424171E+00    6.17805515E+00
7.54197271E-01    6.23773770E+00
3.61169832E-01    6.27279568E+00
-3.32844858E-02    6.28308987E+00
-4.27603858E-01    6.26857966E+00
-8.20227053E-01    6.22932324E+00
-1.20959972E+00    6.16547734E+00
-1.59418066E+00    6.07729656E+00
-1.97244800E+00    5.96513235E+00
-2.34290535E+00    5.82943154E+00
-2.70408776E+00    5.67073450E+00
-3.05456766E+00    5.48967290E+00
-3.39296051E+00    5.28696714E+00
-3.71793035E+00    5.06342337E+00
-4.02819513E+00    4.81993019E+00
-4.32253181E+00    4.55745502E+00
-4.59978115E+00    4.27704016E+00
-4.85885235E+00    3.97979851E+00
-5.09872731E+00    3.66690909E+00
-5.31846457E+00    3.33961221E+00
-5.51720304E+00    2.99920449E+00
-5.69416528E+00    2.64703361E+00
-5.84866050E+00    2.28449286E+00
-5.98008719E+00    1.91301560E+00
-6.08793537E+00    1.53406947E+00
-6.17178849E+00    1.14915053E+00
-6.23132496E+00    7.59777339E-01
-6.26631924E+00    3.67484891E-01
-6.27664264E+00   -2.61814532E-02
-6.26226363E+00   -4.19672064E-01
-6.22324787E+00   -8.11439148E-01
-6.15975777E+00   -1.19994282E+00
-6.07205175E+00   -1.58365713E+00
-5.96048306E+00   -1.96107601E+00
-5.82549826E+00   -2.33071914E+00
-5.66763538E+00   -2.69113772E+00
-5.48752166E+00   -3.04092000E+00
-5.28587101E+00   -3.37869680E+00
-5.06348112E+00   -3.70314676E+00
-4.82123026E+00   -4.01300139E+00
-4.56007378E+00   -4.30704994E+00
-4.28104030E+00   -4.58414404E+00
-3.98522768E+00   -4.84320206E+00
-3.67379871E+00   -5.08321322E+00
-3.34797652E+00   -5.30324147E+00
-3.00903985E+00   -5.50242899E+00
-2.65831805E+00   -5.67999944E+00
-2.29718593E+00   -5.83526094E+00
-1.92705845E+00   -5.96760863E+00
-1.54938524E+00   -6.07652700E+00
-1.16564500E+00   -6.16159179E+00
-7.77339830E-01   -6.22247162E+00
-3.85989422E-01   -6.25892922E+00
6.87476678E-03   -6.27082236E+00
3.99715411E-01   -6.25810435E+00
7.90995223E-01   -6.22082424E+00
1.17918286E+00   -6.15912665E+00
1.56275882E+00   -6.07325123E+00
1.94022128E+00   -5.96353174E+00
2.31009190E+00   -5.83039486E+00
2.67092150E+00   -5.67435852E+00
3.02129567E+00   -5.49603003E+00
3.35984027E+00   -5.29610375E+00
3.68522670E+00   -5.07535847E+00
3.99617715E+00   -4.83465450E+00
4.29146949E+00   -4.57493043E+00
4.56994213E+00   -4.29719952E+00
4.83049853E+00   -4.00254590E+00
5.07211155E+00   -3.69212043E+00
5.29382749E+00   -3.36713632E+00
5.49476993E+00   -3.02886447E+00
5.67414316E+00   -2.67862862E+00
5.83123549E+00   -2.31780025E+00
5.96542205E+00   -1.94779331E+00
6.07616739E+00   -1.57005871E+00
6.16302769E+00   -1.18607876E+00
6.22565266E+00   -7.97361372E-01
6.26378701E+00   -4.05434170E-01
6.27727161E+00   -1.18385413E-02
6.26604426E+00    3.81876423E-01
6.23014009E+00    7.74160016E-01
6.16969153E+00    1.16346604E+00
6.08492797E+00    1.54825891E+00
5.97617496E+00    1.92701976E+00
5.84385308E+00    2.29825251E+00
5.68847639E+00    2.66048977E+00
5.51065052E+00    3.01229878E+00
5.31107035E+00    3.35228714E+00
5.09051744E+00    3.67910837E+00
4.84985690E+00    3.99146740E+00
4.59003413E+00    4.28812576E+00
4.31207110E+00    4.56790662E+00
4.01706230E+00    4.82969955E+00
3.70617050E+00    5.07246507E+00
3.38062208E+00    5.29523881E+00
3.04170219E+00    5.49713553E+00
2.69074967E+00    5.67735268E+00
2.32915162E+00    5.83517372E+00
1.95833794E+00    5.96997103E+00
1.57977552E+00    6.08120847E+00
1.19496243E+00    6.16844362E+00
8.05421816E-01    6.23132957E+00
4.12695836E-01    6.26961633E+00
1.83394122E-02    6.28315186E+00
-3.76086016E-01    6.27188272E+00
-7.69018789E-01    6.23585424E+00
-1.15890332E+00    6.17521034E+00
-1.54419635E+00    6.09019295E+00
-1.92337317E+00    5.98114098E+00
-2.29493375E+00    5.84848892E+00
-2.65740875E+00    5.69276507E+00
-3.00936542E+00    5.51458935E+00
-3.34941332E+00    5.31467075E+00
-3.67620992E+00    5.09380439E+00
-3.98846588E+00    4.85286831E+00
-4.28495021E+00    4.59281986E+00
-4.56449515E+00    4.31469176E+00
-4.82600077E+00    4.01958792E+00
-5.06843927E+00    3.70867897E+00
-5.29085903E+00    3.38319744E+00
-5.49238831E+00    3.04443286E+00
-5.67223860E+00    2.69372647E+00
-5.82970768E+00    2.33246587E+00
-5.96418226E+00    1.96207944E+00
-6.07514031E+00    1.58403061E+00
-6.16215300E+00    1.19981198E+00
-6.22488626E+00    8.10939452E-01
-6.26310194E+00    4.18946128E-01
-6.27665866E+00    2.53762874E-02
-6.26551217E+00   -3.68220727E-01
-6.22971540E+00   -7.60296608E-01
-6.16941813E+00   -1.14931016E+00
-6.08486623E+00   -1.53373335E+00
-5.97640058E+00   -1.91205723E+00
-5.84445560E+00   -2.28279785E+00
-5.68955738E+00   -2.64450201E+00
-5.51232160E+00   -2.99575284E+00
-5.31345090E+00   -3.33517534E+00
-5.09373211E+00   -3.66144161E+00
-4.85403309E+00   -3.97327600E+00
-4.59529921E+00   -4.26945994E+00
-4.31854967E+00   -4.54883666E+00
-4.02487344E+00   -4.81031553E+00
-3.71542496E+00   -5.05287627E+00
-3.39141968E+00   -5.27557282E+00
-3.05412926E+00   -5.47753688E+00
-2.70487665E+00   -5.65798126E+00
-2.34503096E+00   -5.81620280E+00
-1.97600214E+00   -5.95158507E+00
-1.59923556E+00   -6.06360067E+00
-1.21620639E+00   -6.15181325E+00
-8.28413974E-01   -6.21587912E+00
-4.37376005E-01   -6.25554856E+00
-4.46227254E-02   -6.27066678E+00
3.48308974E-01   -6.26117449E+00
7.39881456E-01   -6.22710815E+00
1.12856225E+00   -6.16859981E+00
1.51282994E+00   -6.08587664E+00
1.89118003E+00   -5.97926011E+00
2.26213073E+00   -5.84916472E+00
2.62422868E+00   -5.69609654E+00
2.97605455E+00   -5.52065122E+00
3.31622855E+00   -5.32351184E+00
3.64341577E+00   -5.10544626E+00
3.95633137E+00   -4.86730428E+00
4.25374561E+00   -4.61001441E+00
4.53448861E+00   -4.33458035E+00
4.79745500E+00   -4.04207717E+00
5.04160825E+00   -3.73364727E+00
5.26598474E+00   -3.41049597E+00
5.46969767E+00   -3.07388691E+00
5.65194051E+00   -2.72513725E+00
5.81199034E+00   -2.36561255E+00
5.94921071E+00   -1.99672157E+00
6.06305429E+00   -1.61991075E+00
6.15306512E+00   -1.23665869E+00
6.21888053E+00   -8.48470343E-01
6.26023271E+00   -4.56871163E-01
6.27694986E+00   -6.34011522E-02
6.26895709E+00    3.30391183E-01
6.23627676E+00    7.22954927E-01
6.17902860E+00    1.11274287E+00
6.09742937E+00    1.49821761E+00
5.99179213E+00    1.87785770E+00
5.86252513E+00    2.25016366E+00
5.71013035E+00    2.61366395E+00
5.53520160E+00    2.96692090E+00
5.33842230E+00    3.30853645E+00
5.12056287E+00    3.63715779E+00
4.88247777E+00    3.95148276E+00
4.62510214E+00    4.25026520E+00
4.34944823E+00    4.53231991E+00
4.05660136E+00    4.79652751E+00
3.74771568E+00    5.04183900E+00
3.42400959E+00    5.26727996E+00
3.08676092E+00    5.47195462E+00
2.73730181E+00    5.65504945E+00
2.37701345E+00    5.81583652E+00
2.00732049E+00    5.95367645E+00
1.62968537E+00    6.06802108E+00
1.24560245E+00    6.15841567E+00
8.56591968E-01    6.22450077E+00
4.64193974E-01    6.26601371E+00
6.99620829E-02    6.28278968E+00
-3.24542759E-01    6.27476237E+00
-7.17758570E-01    6.24196426E+00
-1.10812863E+00    6.18452647E+00
-1.49410773E+00    6.10267822E+00
-1.87416842E+00    5.99674585E+00
-2.24680714E+00    5.86715151E+00
-2.61055024E+00    5.71441139E+00
-2.96395991E+00    5.53913360E+00
-3.30563992E+00    5.34201566E+00
-3.63424122E+00    5.12384165E+00
-3.94846727E+00    4.88547896E+00
-4.24707926E+00    4.62787479E+00
-4.52890094E+00    4.35205225E+00
-4.79282333E+00    4.05910617E+00
-5.03780902E+00    3.75019869E+00
-5.26289628E+00    3.42655450E+00
-5.46720279E+00    3.08945593E+00
-5.64992902E+00    2.74023772E+00
-5.81036136E+00    2.38028168E+00
-5.94787478E+00    2.01101109E+00
-6.06193524E+00    1.63388508E+00
-6.15210166E+00    1.25039270E+00
-6.21802749E+00    8.62047077E-01
-6.25946203E+00    4.70379329E-01
-6.27625118E+00    7.69325490E-02
-6.26833798E+00   -3.16744313E-01
-6.23576265E+00   -7.09102544E-01
-6.17866230E+00   -1.09859975E+00
-6.09727026E+00   -1.48370589E+00
-5.99191500E+00   -1.86290926E+00
-5.86301874E+00   -2.23472237E+00
-5.71109568E+00   -2.59768772E+00
-5.53674980E+00   -2.95038343E+00
-5.34067248E+00   -3.29142874E+00
-5.12363963E+00   -3.61948935E+00
-4.88650862E+00   -3.93328249E+00
-4.63021481E+00   -4.23158187E+00
-4.35576789E+00   -4.51322237E+00
-4.06424784E+00   -4.77710448E+00
-3.75680073E+00   -5.02219846E+00
-3.43463421E+00   -5.24754831E+00
-3.09901278E+00   -5.45227532E+00
-2.75125291E+00   -5.63558146E+00
-2.39271791E+00   -5.79675239E+00
-2.02481263E+00   -5.93516012E+00
-1.64897808E+00   -6.05026542E+00
-1.26668580E+00   -6.14161985E+00
-8.79432270E-01   -6.20886744E+00
-4.88733096E-01   -6.25174604E+00
-9.61171978E-02   -6.27008832E+00
2.96879073E-01   -6.26382240E+00
6.88717833E-01   -6.23297212E+00
1.07786558E+00   -6.17765696E+00
1.46279910E+00   -6.09809162E+00
1.84201132E+00   -5.99458521E+00
2.21401710E+00   -5.86754009E+00
2.57735898E+00   -5.71745036E+00
2.93061283E+00   -5.54490003E+00
3.27239329E+00   -5.35056082E+00
3.60135922E+00   -5.13518963E+00
3.91621888E+00   -4.89962568E+00
4.21573494E+00   -4.64478734E+00
4.49872936E+00   -4.37166868E+00
4.76408800E+00   -4.08133566E+00
5.01076499E+00   -3.77492211E+00
5.23778689E+00   -3.45362539E+00
5.44425654E+00   -3.11870182E+00
5.62935668E+00   -2.77146185E+00
5.79235318E+00   -2.41326506E+00
5.93259808E+00   -2.04551491E+00
6.04953220E+00   -1.66965329E+00
6.14268745E+00   -1.28715496E+00
6.21168884E+00   -8.99521837E-01
6.25625602E+00   -5.08277095E-01
6.27620458E+00   -1.14959252E-01
6.27144689E+00    2.78883882E-01
6.24199258E+00    6.71701282E-01
6.18794866E+00    1.06194483E+00
6.10951924E+00    1.44807543E+00
6.00700487E+00    1.82856912E+00
5.88080145E+00    2.20192315E+00
5.73139884E+00    2.56666192E+00
5.55937900E+00    2.92134295E+00
5.36541383E+00    3.26456263E+00
5.15026259E+00    3.59496186E+00
4.91476897E+00    3.91123154E+00
4.65985785E+00    4.21211786E+00
4.38653166E+00    4.49642736E+00
4.09586648E+00    4.76303178E+00
3.78900777E+00    5.01087266E+00
3.46716587E+00    5.23896561E+00
3.13161117E+00    5.44640438E+00
2.78366908E+00    5.63236451E+00
2.42471473E+00    5.79610673E+00
2.05616746E+00    5.93697997E+00
1.67948515E+00    6.05442406E+00
1.29615834E+00    6.14797196E+00
9.07704273E-01    6.21725174E+00
5.15660770E-01    6.26198807E+00
