                 x                 y
    1.00000000E+00    0.00000000E+00
    9.98026079E-01    6.28318531E-02
    9.92112132E-01    1.25415657E-01
    9.82281575E-01    1.87504352E-01
    9.68573328E-01    2.48852848E-01
    9.51041663E-01    3.09219003E-01
    9.29755978E-01    3.68364587E-01
    9.04800526E-01    4.26056228E-01
    8.76274069E-01    4.82066339E-01
    8.44289485E-01    5.36174023E-01
    8.08973314E-01    5.88165950E-01
    7.70465246E-01    6.37837200E-01
    7.28917566E-01    6.84992076E-01
    6.84494539E-01    7.29444875E-01
    6.37371754E-01    7.71020622E-01
    5.87735423E-01    8.09555758E-01
    5.35781630E-01    8.44898784E-01
    4.81715558E-01    8.76910850E-01
    4.25750661E-01    9.05466304E-01
    3.68107819E-01    9.30453174E-01
    3.09014461E-01    9.51773606E-01
    2.48703654E-01    9.69344243E-01
    1.87413188E-01    9.83096537E-01
    1.25384625E-01    9.92977019E-01
    6.28623483E-02    9.98947489E-01
    9.25976021E-05    1.00098516E+00
   -6.26775058E-02    9.99082752E-01
   -1.25200930E-01    9.93248467E-01
   -1.87231705E-01    9.83505991E-01
   -2.48525887E-01    9.69894367E-01
   -3.08842519E-01    9.52467833E-01
   -3.67944570E-01    9.31295599E-01
   -4.25599864E-01    9.06461566E-01
   -4.81581986E-01    8.78063985E-01
   -5.35671165E-01    8.46215066E-01
   -5.87655131E-01    8.11040525E-01
   -6.37329938E-01    7.72679087E-01
   -6.84500759E-01    7.31281935E-01
   -7.28982639E-01    6.87012109E-01
   -7.70601214E-01    6.40043870E-01
   -8.09193384E-01    5.90562007E-01
   -8.44607946E-01    5.38761114E-01
   -8.76706175E-01    4.84844826E-01
   -9.05362364E-01    4.29025024E-01
   -9.30464304E-01    3.71521004E-01
   -9.51913718E-01    3.12558620E-01
   -9.69626642E-01    2.52369406E-01
   -9.83533745E-01    1.91189669E-01
   -9.93580597E-01    1.29259574E-01
   -9.99727879E-01    6.68222014E-02
   -1.00195153E+00    4.12260950E-03
   -1.00024286E+00   -5.85931252E-02
   -9.94608530E-01   -1.21078863E-01
   -9.85070604E-01   -1.83089358E-01
   -9.71666399E-01   -2.44381213E-01
   -9.54448372E-01   -3.04713827E-01
   -9.33483913E-01   -3.63850331E-01
   -9.08855084E-01   -4.21558512E-01
   -8.80658302E-01   -4.77611716E-01
   -8.49003974E-01   -5.31789735E-01
   -8.14016063E-01   -5.83879665E-01
   -7.75831617E-01   -6.33676741E-01
   -7.34600237E-01   -6.80985132E-01
   -6.90483498E-01   -7.25618720E-01
   -6.43654329E-01   -7.67401821E-01
   -5.94296337E-01   -8.06169880E-01
   -5.42603101E-01   -8.41770122E-01
   -4.88777421E-01   -8.74062154E-01
   -4.33030525E-01   -9.02918521E-01
   -3.75581254E-01   -9.28225214E-01
   -3.16655208E-01   -9.49882127E-01
   -2.56483863E-01   -9.67803457E-01
   -1.95303671E-01   -9.81918048E-01
   -1.33355137E-01   -9.92169686E-01
   -7.08818707E-02   -9.98517327E-01
   -8.12963891E-03   -1.00093527E+00
    5.46546046E-02   -9.99413273E-01
    1.17223688E-01   -9.93956595E-01
    1.79331197E-01   -9.84585998E-01
    2.40732443E-01   -9.71337670E-01
    3.01185435E-01   -9.54263096E-01
    3.60451830E-01   -9.33428865E-01
    4.18297884E-01   -9.08916417E-01
    4.74495376E-01   -8.80821733E-01
    5.28822514E-01   -8.49254964E-01
    5.81064818E-01   -8.14340005E-01
    6.31015975E-01   -7.76214012E-01
    6.78478661E-01   -7.35026867E-01
    7.23265329E-01   -6.90940592E-01
    7.65198959E-01   -6.44128712E-01
    8.04113764E-01   -5.94775572E-01
    8.39855858E-01   -5.43075610E-01
    8.72283870E-01   -4.89232589E-01
    9.01269513E-01   -4.33458791E-01
    9.26698096E-01   -3.75974178E-01
    9.48468989E-01   -3.17005515E-01
    9.66496025E-01   -2.56785473E-01
    9.80707848E-01   -1.95551703E-01
    9.91048199E-01   -1.33545893E-01
    9.97476142E-01   -7.10128032E-02
    9.99966232E-01   -8.19929308E-03
    9.98508614E-01    5.46466611E-02
    9.93109063E-01    1.17276955E-01
    9.83788963E-01    1.79444342E-01
    9.70585219E-01    2.40903423E-01
    9.53550108E-01    3.01411617E-01
    9.32751069E-01    3.60730129E-01
    9.08270433E-01    4.18624903E-01
    8.80205089E-01    4.74867547E-01
    8.48666094E-01    5.29236242E-01
    8.13778230E-01    5.81516625E-01
    7.75679500E-01    6.31502633E-01
    7.34520575E-01    6.78997323E-01
    6.90464189E-01    7.23813646E-01
    6.43684489E-01    7.65775190E-01
    5.94366334E-01    8.04716870E-01
    5.42704561E-01    8.40485578E-01
    4.88903203E-01    8.72940783E-01
    4.33174679E-01    9.01955081E-01
    3.75738941E-01    9.27414689E-01
    3.16822608E-01    9.49219886E-01
    2.56658057E-01    9.67285402E-01
    1.95482507E-01    9.81540737E-01
    1.33537075E-01    9.91930439E-01
    7.10658258E-02    9.98414301E-01
    8.31480330E-03    1.00096752E+00
   -5.44689366E-02    9.99580767E-01
   -1.17038301E-01    9.94260235E-01
   -1.79147131E-01    9.85027582E-01
   -2.40551170E-01    9.71919845E-01
   -3.01009020E-01    9.54989284E-01
   -3.60283089E-01    9.34303159E-01
   -4.18140517E-01    9.09943463E-01
   -4.74354090E-01    8.82006587E-01
   -5.28703120E-01    8.50602930E-01
   -5.80974311E-01    8.15856465E-01
   -6.30962584E-01    7.77904237E-01
   -6.78471876E-01    7.36895825E-01
   -7.23315898E-01    6.92992750E-01
   -7.65318862E-01    6.46367833E-01
   -8.04316154E-01    5.97204519E-01
   -8.40154979E-01    5.45696158E-01
   -8.72694946E-01    4.92045239E-01
   -9.01808611E-01    4.36462604E-01
   -9.27381969E-01    3.79166623E-01
   -9.49314892E-01    3.20382336E-01
   -9.67521520E-01    2.60340581E-01
   -9.81930583E-01    1.99277089E-01
   -9.92485683E-01    1.37431568E-01
   -9.99145508E-01    7.50467720E-02
   -1.00188399E+00    1.23675512E-02
   -1.00069040E+00   -5.03600970E-02
   -9.95569415E-01   -1.12889986E-01
   -9.86541057E-01   -1.74976698E-01
   -9.73640653E-01   -2.36376538E-01
   -9.56918685E-01   -2.96848483E-01
   -9.36440594E-01   -3.56155119E-01
   -9.12286534E-01   -4.14063568E-01
   -8.84551061E-01   -4.70346394E-01
   -8.53342767E-01   -5.24782490E-01
   -8.18783866E-01   -5.77157944E-01
   -7.81009719E-01   -6.27266871E-01
   -7.40168313E-01   -6.74912225E-01
   -6.96419690E-01   -7.19906563E-01
   -6.49935329E-01   -7.62072792E-01
   -6.00897481E-01   -8.01244856E-01
   -5.49498462E-01   -8.37268397E-01
   -4.95939910E-01   -8.70001361E-01
   -4.40431999E-01   -8.99314566E-01
   -3.83192627E-01   -9.25092210E-01
   -3.24446559E-01   -9.47232339E-01
   -2.64424559E-01   -9.65647252E-01
   -2.03362486E-01   -9.80263856E-01
   -1.41500370E-01   -9.91023963E-01
   -7.90814776E-02   -9.97884530E-01
   -1.63513514E-02   -1.00081784E+00
    4.64431484E-02   -9.99811619E-01
    1.09054818E-01   -9.94869099E-01
    1.71237081E-01   -9.86009017E-01
    2.32744963E-01   -9.73265547E-01
    2.93336059E-01   -9.56688186E-01
    3.52771490E-01   -9.36341560E-01
    4.10816852E-01   -9.12305187E-01
    4.67243145E-01   -8.84673167E-01
    5.21827680E-01   -8.53553825E-01
    5.74354969E-01   -8.19069287E-01
    6.24617578E-01   -7.81355009E-01
    6.72416962E-01   -7.40559244E-01
    7.17564247E-01   -6.96842468E-01
    7.59880994E-01   -6.50376743E-01
    7.99199909E-01   -6.01345043E-01
    8.35365512E-01   -5.49940535E-01
    8.68234763E-01   -4.96365811E-01
    8.97677633E-01   -4.40832092E-01
    9.23577630E-01   -3.83558386E-01
    9.45832261E-01   -3.24770625E-01
    9.64353450E-01   -2.64700761E-01
    9.79067889E-01   -2.03585851E-01
    9.89917335E-01   -1.41667112E-01
    9.96858841E-01   -7.91889578E-02
    9.99864932E-01   -1.63980312E-02
    9.98923714E-01    4.64577814E-02
    9.94038924E-01    1.09130336E-01
    9.85229911E-01    1.71372220E-01
    9.72531561E-01    2.32937737E-01
    9.55994155E-01    2.93583884E-01
    9.35683168E-01    3.53071320E-01
    9.11679002E-01    4.11165319E-01
    8.84076665E-01    4.67636699E-01
    8.52985389E-01    5.22262737E-01
    8.18528189E-01    5.74828047E-01
    7.80841370E-01    6.25125440E-01
    7.40073980E-01    6.72956738E-01
    6.96387210E-01    7.18133562E-01
    6.49953751E-01    7.60478072E-01
    6.00957103E-01    7.99823669E-01
    5.49590837E-01    8.36015646E-01
    4.96057828E-01    8.68911802E-01
    4.40569438E-01    8.98382988E-01
    3.83344681E-01    9.24313617E-01
    3.24609350E-01    9.46602110E-01
    2.64595116E-01    9.65161287E-01
    2.03538610E-01    9.79918704E-01
    1.41680491E-01    9.90816926E-01
    7.92644835E-02    9.97813746E-01
    1.65364234E-02    1.00088233E+00
   -4.62567168E-02    1.00001134E+00
   -1.08867800E-01    9.95204922E-01
   -1.71050495E-01    9.86482717E-01
   -2.32560248E-01    9.73879755E-01
   -2.93155239E-01    9.57446310E-01
   -3.52597327E-01    9.37247693E-01
   -4.10652988E-01    9.13363980E-01
   -4.67094220E-01    8.85889693E-01
   -5.21699436E-01    8.54933420E-01
   -5.74254328E-01    8.20617375E-01
   -6.24552696E-01    7.83076919E-01
   -6.72397256E-01    7.42460016E-01
   -7.17600397E-01    6.98926652E-01
   -7.59984917E-01    6.52648203E-01
   -7.99384703E-01    6.03806756E-01
   -8.35645376E-01    5.52594400E-01
   -8.68624886E-01    4.99212469E-01
   -8.98194064E-01    4.43870751E-01
   -9.24237116E-01    3.86786673E-01
   -9.46652071E-01    3.28184448E-01
   -9.65351175E-01    2.68294201E-01
   -9.80261227E-01    2.07351071E-01
   -9.91323865E-01    1.45594297E-01
   -9.98495783E-01    8.32662838E-02
   -1.00174891E+00    2.06116610E-02
   -1.00107049E+00   -4.21236705E-02
   -9.96463186E-01   -1.04693494E-01
   -9.87945004E-01   -1.66852236E-01
   -9.75549272E-01   -2.28355920E-01
   -9.59324488E-01   -2.88963117E-01
   -9.39334146E-01   -3.48435886E-01
   -9.15656485E-01   -4.06540697E-01
   -8.88384189E-01   -4.63049349E-01
   -8.57624034E-01   -5.17739851E-01
   -8.23496472E-01   -5.70397294E-01
   -7.86135170E-01   -6.20814694E-01
   -7.45686491E-01   -6.68793794E-01
   -7.02308934E-01   -7.14145848E-01
   -6.56172516E-01   -7.56692359E-01
   -6.07458117E-01   -7.96265784E-01
   -5.56356781E-01   -8.32710192E-01
   -5.03068969E-01   -8.65881879E-01
   -4.47803788E-01   -8.95649942E-01
   -3.90778173E-01   -9.21896797E-01
   -3.32216046E-01   -9.44518647E-01
   -2.72347441E-01   -9.63425899E-01
   -2.11407605E-01   -9.78543527E-01
   -1.49636082E-01   -9.89811374E-01
   -8.72757733E-02   -9.97184403E-01
   -2.45719852E-02   -1.00063288E+00
    3.82285339E-02   -1.00014250E+00
    1.00878563E-01   -9.95714469E-01
    1.63131384E-01   -9.87365496E-01
    2.24741751E-01   -9.75127744E-01
    2.85466862E-01   -9.59048711E-01
    3.45067318E-01   -9.39191062E-01
    4.03308070E-01   -9.15632383E-01
    4.59959355E-01   -8.88464891E-01
    5.14797602E-01   -8.57795073E-01
    5.67606329E-01   -8.23743282E-01
    6.18176998E-01   -7.86443263E-01
    6.66309851E-01   -7.46041632E-01
    7.11814704E-01   -7.02697304E-01
    7.54511712E-01   -6.56580869E-01
    7.94232081E-01   -6.07873919E-01
    8.30818750E-01   -5.56768333E-01
    8.64127020E-01   -5.03465523E-01
    8.94025130E-01   -4.48175630E-01
    9.20394790E-01   -3.91116698E-01
    9.43131656E-01   -3.32513806E-01
    9.62145747E-01   -2.72598176E-01
    9.77361809E-01   -2.11606252E-01
    9.88719617E-01   -1.49778764E-01
    9.96174216E-01   -8.73597634E-02
    9.99696105E-01   -2.45956594E-02
    9.99271351E-01    3.82657681E-02
    9.94901652E-01    1.00976353E-01
    9.86604321E-01    1.63288531E-01
    9.74412223E-01    2.24956327E-01
    9.58373640E-01    2.85736334E-01
    9.38552075E-01    3.45388679E-01
    9.15026000E-01    4.03677981E-01
    8.87888536E-01    4.60374287E-01
    8.57247079E-01    5.15253979E-01
    8.23222870E-01    5.68100669E-01
    7.85950507E-01    6.18706051E-01
    7.45577404E-01    6.66870731E-01
    7.02263200E-01    7.12405007E-01
    6.56179119E-01    7.55129627E-01
    6.07507286E-01    7.94876486E-01
    5.56439996E-01    8.31489292E-01
    5.03178947E-01    8.64824179E-01
    4.47934438E-01    8.94750266E-01
    3.90924526E-01    9.21150169E-01
    3.32374161E-01    9.43920455E-01
    2.72514294E-01    9.62972043E-01
    2.11580954E-01    9.78230548E-01
    1.49814321E-01    9.89636558E-01
    8.74577681E-02    9.97145864E-01
    2.47569032E-02    1.00072962E+00
   -3.80414005E-02    1.00037445E+00
   -1.00689978E-01    9.96082468E-01
   -1.62942344E-01    9.87871300E-01
   -2.24553662E-01    9.75773965E-01
   -2.85281705E-01    9.59838748E-01
   -3.44887804E-01    9.40129002E-01
   -4.03137782E-01    9.16722885E-01
   -4.59802867E-01    8.89713044E-01
   -5.14660587E-01    8.59206244E-01
   -5.67495635E-01    8.25322936E-01
   -6.18100707E-01    7.88196785E-01
   -6.66277307E-01    7.47974132E-01
   -7.11836520E-01    7.04813417E-01
   -7.54599739E-01    6.58884558E-01
   -7.94399362E-01    6.10368273E-01
   -8.31079438E-01    5.59455378E-01
   -8.64496270E-01    5.06346035E-01
   -8.94518968E-01    4.51248966E-01
   -9.21029958E-01    3.94380642E-01
   -9.43925433E-01    3.35964431E-01
   -9.63115753E-01    2.76229731E-01
   -9.78525790E-01    2.15411074E-01
   -9.90095218E-01    1.53747211E-01
   -9.97778747E-01    9.14801839E-02
   -1.00154629E+00    2.88543844E-02
   -1.00138310E+00   -3.38843997E-02
   -9.97289783E-01   -9.64899386E-02
   -9.89282352E-01   -1.58716519E-01
   -9.77392126E-01   -2.20319899E-01
   -9.61665621E-01   -2.81058261E-01
   -9.42164375E-01   -3.40693151E-01
   -9.18964708E-01   -3.98990406E-01
   -8.92157428E-01   -4.55721072E-01
   -8.61847485E-01   -5.10662290E-01
   -8.28153563E-01   -5.63598172E-01
   -7.91207624E-01   -6.14320642E-01
   -7.51154400E-01   -6.62630251E-01
   -7.08150833E-01   -7.08336960E-01
   -6.62365468E-01   -7.51260884E-01
   -6.13977805E-01   -7.91232999E-01
   -5.63177596E-01   -8.28095814E-01
   -5.10164118E-01   -8.61703985E-01
   -4.55145393E-01   -8.91924897E-01
   -3.98337382E-01   -9.18639189E-01
   -3.39963146E-01   -9.41741231E-01
   -2.80251973E-01   -9.61139545E-01
   -2.19438485E-01   -9.76757175E-01
   -1.57761722E-01   -9.88532001E-01
   -9.54642051E-02   -9.96416990E-01
   -3.27909857E-02   -1.00038040E+00
    3.00113153E-02   -1.00040589E+00
    9.26954776E-02   -9.96492646E-01
    1.55014655E-01   -9.88655345E-01
    2.16723349E-01   -9.76924132E-01
    2.77578376E-01   -9.61344511E-01
    3.37339834E-01   -9.41977177E-01
    3.95772045E-01   -9.18897780E-01
    4.52644496E-01   -8.92196646E-01
    5.07732754E-01   -8.61978422E-01
    5.60819354E-01   -8.28361675E-01
    6.11694667E-01   -7.91478431E-01
    6.60157740E-01   -7.51473659E-01
    7.06017089E-01   -7.08504704E-01
    7.49091473E-01   -6.62740670E-01
    7.89210614E-01   -6.14361756E-01
    8.26215879E-01   -5.63558543E-01
    8.59960918E-01   -5.10531244E-01
    8.90312248E-01   -4.55488909E-01
    9.17149791E-01   -3.98648603E-01
    9.40367357E-01   -3.40234536E-01
    9.59873065E-01   -2.80477184E-01
    9.75589722E-01   -2.19612364E-01
    9.87455125E-01   -1.57880300E-01
    9.95422314E-01   -9.55246671E-02
    9.99459763E-01   -3.27916229E-02
    9.99551503E-01    3.00711758E-02
    9.95697189E-01    9.28155571E-02
    9.87912100E-01    1.55193823E-01
    9.76227078E-01    2.16959736E-01
    9.60688401E-01    2.77869499E-01
    9.41357598E-01    3.37682725E-01
    9.18311203E-01    3.96163397E-01
    8.91640444E-01    4.53080800E-01
    8.61450875E-01    5.08210443E-01
    8.27861955E-01    5.61334946E-01
    7.91006565E-01    6.12244904E-01
    7.51030476E-01    6.60739714E-01
    7.08091763E-01    7.06628371E-01
    6.62360172E-01    7.49730217E-01
    6.14016440E-01    7.89875656E-01
    5.63251573E-01    8.26906822E-01
    5.10266082E-01    8.60678193E-01
    4.55269183E-01    8.91057163E-01
    3.98477963E-01    9.17924559E-01
    3.40116518E-01    9.41175103E-01
    2.80415057E-01    9.60717820E-01
    2.19608996E-01    9.76476385E-01
    1.57938018E-01    9.88389415E-01
    9.56451269E-02    9.96410704E-01
    3.29756879E-02    1.00050939E+00
   -2.98235422E-02    1.00067006E+00
   -9.25053870E-02    9.96892812E-01
   -1.54823223E-01    9.89193240E-01
   -2.16531950E-01    9.77602350E-01
   -2.77388950E-01    9.62166438E-01
   -3.37155039E-01    9.42946896E-01
   -3.95595405E-01    9.20019955E-01
   -4.52480521E-01    8.93476384E-01
   -5.07587046E-01    8.63421115E-01
   -5.60698687E-01    8.29972832E-01
   -6.11607051E-01    7.93263492E-01
   -6.60112444E-01    7.53437803E-01
   -7.06024656E-01    7.10652650E-01
   -7.49163692E-01    6.65076479E-01
   -7.89360469E-01    6.16888629E-01
   -8.26457475E-01    5.66278630E-01
   -8.60309374E-01    5.13445457E-01
   -8.90783569E-01    4.58596754E-01
   -9.17760711E-01    4.01948019E-01
   -9.41135163E-01    3.43721762E-01
   -9.60815405E-01    2.84146638E-01
   -9.76724387E-01    2.23456555E-01
   -9.88799827E-01    1.61889761E-01
   -9.96994448E-01    9.96879199E-02
   -1.00127616E+00    3.70951669E-02
   -1.00162820E+00   -2.56428389E-02
   -9.98049150E-01   -8.82798709E-02
   -9.90553010E-01   -1.50570093E-01
   -9.79169091E-01   -2.12269015E-01
   -9.63941925E-01   -2.73134446E-01
   -9.44931089E-01   -3.32927435E-01
   -9.22210980E-01   -3.91413202E-01
   -8.95870524E-01   -4.48362055E-01
   -8.66012836E-01   -5.03550283E-01
   -8.32754825E-01   -5.56761032E-01
   -7.96226740E-01   -6.07785152E-01
   -7.56571671E-01   -6.56422012E-01
   -7.13944993E-01   -7.02480292E-01
   -6.68513769E-01   -7.45778730E-01
   -6.20456103E-01   -7.86146839E-01
   -5.69960447E-01   -8.23425572E-01
   -5.17224878E-01   -8.57467958E-01
   -4.62456319E-01   -8.88139679E-01
   -4.05869744E-01   -9.15319605E-01
   -3.47687336E-01   -9.38900278E-01
   -2.88137623E-01   -9.58788343E-01
   -2.27454586E-01   -9.74904919E-01
   -1.65876743E-01   -9.87185926E-01
   -1.03646220E-01   -9.95582342E-01
   -4.10077981E-02   -1.00006041E+00
    2.17920471E-02   -1.00060177E+00
    8.45061124E-02   -9.97203577E-01
    1.46887441E-01   -9.89878472E-01
    2.08690297E-01   -9.78654589E-01
    2.69671134E-01   -9.63575430E-01
    3.29589559E-01   -9.44699714E-01
    3.88209284E-01   -9.22101156E-01
    4.45299064E-01   -8.95868181E-01
    5.00633613E-01   -8.66103588E-01
    5.53994501E-01   -8.32924152E-01
    6.05171025E-01   -7.96460171E-01
    6.53961044E-01   -7.56854956E-01
    7.00171793E-01   -7.14264273E-01
    7.43620645E-01   -6.68855730E-01
    7.84135848E-01   -6.20808117E-01
    8.21557210E-01   -5.70310705E-01
    8.55736739E-01   -5.17562495E-01
    8.86539240E-01   -4.62771434E-01
    9.13842853E-01   -4.06153589E-01
    9.37539550E-01   -3.47932292E-01
    9.57535559E-01   -2.88337252E-01
    9.73751749E-01   -2.27603643E-01
    9.86123945E-01   -1.65971171E-01
    9.94603186E-01   -1.03683116E-01
    9.99155922E-01   -4.09853668E-02
    9.99764149E-01    2.18745591E-02
    9.96425482E-01    8.46485009E-02
    9.89153161E-01    1.47088643E-01
    9.77976004E-01    2.08948503E-01
    9.62938282E-01    2.69983910E-01
    9.44099547E-01    3.29953981E-01
    9.21534389E-01    3.88622074E-01
    8.95332136E-01    4.45756734E-01
    8.65596494E-01    5.01132606E-01
    8.32445132E-01    5.54531337E-01
    7.96009204E-01    6.05742434E-01
    7.56432829E-01    6.54564103E-01
    7.13872506E-01    7.00804043E-01
    6.68496493E-01    7.44280207E-01
    6.20484126E-01    7.84821520E-01
    5.70025110E-01    8.22268547E-01
    5.17318754E-01    8.56474123E-01
    4.62573177E-01    8.87303928E-01
    4.06004484E-01    9.14637006E-01
    3.47835896E-01    9.38366242E-01
    2.88296873E-01    9.58398770E-01
    2.27622194E-01    9.74656334E-01
    1.66051032E-01    9.87075584E-01
    1.03826007E-01    9.95608316E-01
    4.11922231E-02    1.00022165E+00
   -2.16036961E-02    1.00089816E+00
   -8.43145796E-02    9.97635904E-01
   -1.46693682E-01    9.90448447E-01
   -2.08495655E-01    9.79364786E-01
   -2.69477506E-01    9.64429224E-01
   -3.29399554E-01    9.45701183E-01
   -3.88026366E-01    9.23254969E-01
   -4.45127678E-01    8.97179459E-01
   -5.00479290E-01    8.67577752E-01
   -5.53863944E-01    8.34566751E-01
   -6.05072166E-01    7.98276699E-01
   -6.53903082E-01    7.58850661E-01
   -7.00165198E-01    7.16443958E-01
   -7.43677141E-01    6.71223550E-01
   -7.84268363E-01    6.23367386E-01
   -8.21779798E-01    5.73063696E-01
   -8.56064483E-01    5.20510258E-01
   -8.86988120E-01    4.65913620E-01
   -9.14429595E-01    4.09488295E-01
   -9.38281448E-01    3.51455919E-01
   -9.58450286E-01    2.92044389E-01
   -9.74857142E-01    2.31486973E-01
   -9.87437779E-01    1.70021401E-01
   -9.96142940E-01    1.07888940E-01
   -1.00093853E+00    4.53334543E-02
   -1.00180577E+00   -1.73995423E-02
   -9.98741236E-01   -8.00638434E-02
   -9.91756892E-01   -1.42413506E-01
   -9.80880048E-01   -2.04203809E-01
   -9.66153247E-01   -2.65192204E-01
   -9.47634103E-01   -3.25139259E-01
   -9.25395083E-01   -3.83809594E-01
   -8.99523225E-01   -4.40972793E-01
   -8.70119805E-01   -4.96404310E-01
   -8.37299947E-01   -5.49886337E-01
   -8.01192179E-01   -6.01208663E-01
   -7.61937938E-01   -6.50169492E-01
   -7.19691023E-01   -6.96576235E-01
   -6.74617003E-01   -7.40246268E-01
   -6.26892574E-01   -7.81007645E-01
   -5.76704878E-01   -8.18699781E-01
   -5.24250773E-01   -8.53174084E-01
   -4.69736074E-01   -8.84294542E-01
   -4.13374751E-01   -9.11938266E-01
   -3.55388095E-01   -9.35995979E-01
   -2.96003859E-01   -9.56372450E-01
   -2.35455365E-01   -9.72986883E-01
   -1.73980597E-01   -9.85773241E-01
   -1.11821267E-01   -9.94680515E-01
   -4.92218682E-02   -9.99672937E-01
    1.35712839E-02   -1.00073013E+00
    7.63110202E-02   -9.97847211E-01
    1.38750291E-01   -9.91034796E-01
    2.00643138E-01   -9.80318997E-01
    2.61745668E-01   -9.65741314E-01
    3.21817017E-01   -9.47358490E-01
    3.80620299E-01   -9.25242293E-01
    4.37923553E-01   -8.99479245E-01
    4.93500658E-01   -8.70170290E-01
    5.47132233E-01   -8.37430403E-01
    5.98606510E-01   -8.01388145E-01
    6.47720183E-01   -7.62185160E-01
    6.94279210E-01   -7.19975622E-01
    7.38099596E-01   -6.74925633E-01
    7.79008126E-01   -6.27212563E-01
    8.16843058E-01   -5.77024360E-01
    8.51454768E-01   -5.24558801E-01
    8.82706359E-01   -4.70022711E-01
    9.10474199E-01   -4.13631150E-01
    9.34648426E-01   -3.55606552E-01
    9.55133385E-01   -2.96177847E-01
    9.71848013E-01   -2.35579551E-01
    9.84726167E-01   -1.74050831E-01
    9.93716887E-01   -1.11834558E-01
    9.98784603E-01   -4.91763367E-02
    9.99909276E-01    1.36764727E-02
    9.97086480E-01    7.64757373E-02
    9.90327420E-01    1.38973541E-01
    9.79658882E-01    2.00923171E-01
    9.65123132E-01    2.62080103E-01
    9.46777737E-01    3.22202970E-01
    9.24695340E-01    3.81054524E-01
    8.98963363E-01    4.38402583E-01
    8.69683657E-01    4.94020948E-01
    8.36972091E-01    5.47690302E-01
    8.00958086E-01    5.99199082E-01
    7.61784097E-01    6.48344315E-01
    7.19605039E-01    6.94932418E-01
    6.74587667E-01    7.38779968E-01
    6.26909908E-01    7.79714419E-01
    5.76760149E-01    8.17574781E-01
    5.24336486E-01    8.52212256E-01
    4.69845928E-01    8.83490816E-01
    4.13503579E-01    9.11287734E-01
    3.55531777E-01    9.35494062E-01
    2.96159209E-01    9.56015052E-01
    2.35620007E-01    9.72770520E-01
    1.74152818E-01    9.85695153E-01
    1.11999857E-01    9.94738755E-01
    4.94059544E-02    9.99866436E-01
   -1.33824169E-02    1.00105874E+00
   -7.61181080E-02    9.98311692E-01
   -1.38554269E-01    9.91636840E-01
   -2.00445318E-01    9.81061158E-01
   -2.61547907E-01    9.66626954E-01
   -3.21621872E-01    9.48391681E-01
   -3.80431177E-01    9.26427708E-01
   -4.37744833E-01    9.00822021E-01
   -4.93337800E-01    8.71675874E-01
   -5.46991866E-01    8.39104384E-01
   -5.98496493E-01    8.03236070E-01
   -6.47649640E-01    7.64212344E-01
   -6.94258541E-01    7.22186951E-01
   -7.38140458E-01    6.77325358E-01
   -7.79123386E-01    6.29804108E-01
   -8.17046723E-01    5.79810121E-01
   -8.51761882E-01    5.27539962E-01
   -8.83132876E-01    4.73199073E-01
   -9.11036834E-01    4.17000963E-01
   -9.35364481E-01    3.59166382E-01
   -9.56020556E-01    2.99922453E-01
   -9.72924178E-01    2.39501787E-01
   -9.86009165E-01    1.78141582E-01
   -9.95224279E-01    1.16082691E-01
   -1.00053343E+00    5.35686923E-02
   -1.00191582E+00   -9.15506457E-03
   -9.99365995E-01   -7.18424088E-02
   -9.92893917E-01   -1.34247308E-01
   -9.82524881E-01   -1.96124825E-01
   -9.68299437E-01   -2.57232071E-01
   -9.50273233E-01   -3.17329149E-01
   -9.28516802E-01   -3.76180094E-01
   -9.03115286E-01   -4.33553784E-01
   -8.74168116E-01   -4.89224849E-01
   -8.41788624E-01   -5.42974547E-01
   -8.06103606E-01   -5.94591617E-01
   -7.67252840E-01   -6.43873112E-01
   -7.25388536E-01   -6.90625188E-01
   -6.80674759E-01   -7.34663868E-01
   -6.33286785E-01   -7.75815763E-01
   -5.83410431E-01   -8.13918758E-01
   -5.31241329E-01   -8.48822650E-01
   -4.76984166E-01   -8.80389745E-01
   -4.20851896E-01   -9.08495401E-01
   -3.63064904E-01   -9.33028527E-01
   -3.03850149E-01   -9.53892028E-01
   -2.43440283E-01   -9.71003195E-01
   -1.82072737E-01   -9.84294039E-01
   -1.19988793E-01   -9.93711567E-01
   -5.74326416E-02   -9.99218006E-01
    5.34958049E-03   -1.00079096E+00
    6.81107542E-02   -9.98423504E-01
    1.30603753E-01   -9.92124236E-01
    1.92582414E-01   -9.81917242E-01
    2.53802514E-01   -9.67842018E-01
    3.14022731E-01   -9.49953324E-01
    3.73005602E-01   -9.28320978E-01
    4.30518462E-01   -9.03029595E-01
    4.86334371E-01   -8.74178254E-01
    5.40233010E-01   -8.41880124E-01
    5.92001567E-01   -8.06262020E-01
    6.41435576E-01   -7.67463909E-01
    6.88339739E-01   -7.25638365E-01
    7.32528700E-01   -6.80949969E-01
    7.73827794E-01   -6.33574663E-01
    8.12073740E-01   -5.83699056E-01
    8.47115295E-01   -5.31519687E-01
    8.78813865E-01   -4.77242250E-01
    9.07044056E-01   -4.21080779E-01
    9.31694181E-01   -3.63256797E-01
    9.52666705E-01   -3.03998439E-01
    9.69878643E-01   -2.43539545E-01
    9.83261885E-01   -1.82118732E-01
    9.92763477E-01   -1.19978442E-01
    9.98345830E-01   -5.73639781E-02
    9.99986874E-01    5.47747165E-03
    9.97680141E-01    6.82978193E-02
    9.91434797E-01    1.30849065E-01
    9.81275600E-01    1.92884284E-01
    9.67242802E-01    2.54158612E-01
    9.49391987E-01    3.14430215E-01
    9.27793842E-01    3.73461259E-01
    9.02533880E-01    4.31018846E-01
    8.73712087E-01    4.86875949E-01
    8.41442526E-01    5.40812304E-01
    8.05852877E-01    5.92615291E-01
    7.67083919E-01    6.42080772E-01
    7.25288974E-01    6.89013895E-01
    6.80633283E-01    7.33229872E-01
    6.33293351E-01    7.74554699E-01
    5.83456236E-01    8.12825842E-01
    5.31318805E-01    8.47892880E-01
    4.77086945E-01    8.79618087E-01
    4.20974744E-01    9.07876970E-01
    3.63203639E-01    9.32558759E-01
    3.04001534E-01    9.53566827E-01
    2.43601895E-01    9.70819071E-01
    1.82242827E-01    9.84248217E-01
    1.20166126E-01    9.93802081E-01
    5.76163275E-02    9.99443764E-01
   -5.16025934E-03    1.00115178E+00
   -6.79165253E-02    9.98920135E-01
   -1.30405532E-01    9.92758338E-01
   -1.92381483E-01    9.82691352E-01
   -2.53600687E-01    9.68759482E-01
   -3.13822518E-01    9.51018209E-01
   -3.72810349E-01    9.29537961E-01
   -4.30332483E-01    9.04403826E-01
   -4.86163056E-01    8.75715207E-01
   -5.40082916E-01    8.43585426E-01
   -5.91880476E-01    8.08141271E-01
   -6.41352539E-01    7.69522491E-01
   -6.88305082E-01    7.27881243E-01
   -7.32554014E-01    6.83381492E-01
   -7.73925888E-01    6.36198363E-01
   -8.12258568E-01    5.86517451E-01
   -8.47401862E-01    5.34534098E-01
   -8.79218098E-01    4.80452622E-01
   -9.07582659E-01    4.24485518E-01
   -9.32384459E-01    3.66852633E-01
   -9.53526377E-01    3.07780300E-01
   -9.70925628E-01    2.47500460E-01
   -9.84514082E-01    1.86249759E-01
   -9.94238528E-01    1.24268624E-01
   -1.00006088E+00    6.18003271E-02
   -1.00195832E+00   -9.09960141E-04
   -9.99923384E-01   -6.36161201E-02
   -9.93964009E-01   -1.26072047E-01
   -9.84103479E-01   -1.88032605E-01
   -9.70380351E-01   -2.49254580E-01
   -9.52848303E-01   -3.09497629E-01
   -9.31575926E-01   -3.68525215E-01
   -9.06646465E-01   -4.26105527E-01
   -8.78157496E-01   -4.82012385E-01
   -8.46220551E-01   -5.36026127E-01
   -8.10960691E-01   -5.87934460E-01
   -7.72516017E-01   -6.37533297E-01
   -7.31037148E-01   -6.84627550E-01
   -6.86686627E-01   -7.29031905E-01
   -6.39638305E-01   -7.70571541E-01
   -5.90076657E-01   -8.09082823E-01
   -5.38196074E-01   -8.44413949E-01
   -4.84200107E-01   -8.76425550E-01
   -4.28300675E-01   -9.04991239E-01
   -3.70717244E-01   -9.29998122E-01
   -3.11675966E-01   -9.51347244E-01
   -2.51408803E-01   -9.68953988E-01
   -1.90152618E-01   -9.82748418E-01
   -1.28148249E-01   -9.92675563E-01
   -6.56395644E-02   -9.98695646E-01
   -2.87250846E-03   -1.00078425E+00
    5.99058677E-02   -9.98932416E-01
    1.22448377E-01   -9.93146718E-01
    1.84508669E-01   -9.83449216E-01
    2.45842207E-01   -9.69877398E-01
    3.06207229E-01   -9.52484038E-01
    3.65365707E-01   -9.31337002E-01
    4.23084290E-01   -9.06518988E-01
    4.79135234E-01   -8.78127207E-01
    5.33297301E-01   -8.46273012E-01
    5.85356641E-01   -8.11081464E-01
    6.35107649E-01   -7.72690845E-01
    6.82353779E-01   -7.31252116E-01
    7.26908332E-01   -6.86928330E-01
    7.68595201E-01   -6.39893984E-01
    8.07249578E-01   -5.90334338E-01
    8.42718611E-01   -5.38444683E-01
    8.74862020E-01   -4.84429562E-01
    9.03552655E-01   -4.28501972E-01
    9.28677013E-01   -3.70882509E-01
    9.50135688E-01   -3.11798498E-01
    9.67843772E-01   -2.51483088E-01
    9.81731198E-01   -1.90174328E-01
    9.91743020E-01   -1.28114216E-01
    9.97839634E-01   -6.55477368E-02
    9.99996937E-01   -2.72188923E-03
    9.98206423E-01    6.01153005E-02
    9.92475217E-01    1.22715765E-01
    9.82826047E-01    1.84832385E-01
    9.69297150E-01    2.46219972E-01
    9.51942120E-01    3.06636244E-01
    9.30829687E-01    3.65842792E-01
    9.06043445E-01    4.23606023E-01
    8.77681512E-01    4.79698093E-01
    8.45856136E-01    5.33897810E-01
    8.10693245E-01    5.85991508E-01
    7.72331938E-01    6.35773898E-01
    7.30923928E-01    6.83048874E-01
    6.86632934E-01    7.27630295E-01
    6.39634025E-01    7.69342709E-01
    5.90112919E-01    8.08022053E-01
    5.38265240E-01    8.43516289E-01
    4.84295738E-01    8.75686002E-01
    4.28417473E-01    9.04404946E-01
    3.70850966E-01    9.29560531E-01
    3.11823320E-01    9.51054263E-01
    2.51567321E-01    9.68802120E-01
    1.90320514E-01    9.82734875E-01
    1.28324261E-01    9.92798360E-01
    6.58227884E-02    9.98953664E-01
    3.06222186E-03    1.00117728E+00
   -5.97103848E-02    9.99461190E-01
   -1.22248021E-01    9.93812868E-01
   -1.84304693E-01    9.84255258E-01
   -2.45636384E-01    9.70826665E-01
   -3.06002017E-01    9.53580591E-01
   -3.65164396E-01    9.32585520E-01
   -4.22891129E-01    9.07924634E-01
   -4.78955543E-01    8.79695480E-01
   -5.33137561E-01    8.48009577E-01
   -5.85224561E-01    8.12991973E-01
   -6.35012203E-01    7.74780745E-01
   -6.82305223E-01    7.33526453E-01
   -7.26918188E-01    6.89391546E-01
   -7.68676216E-01    6.42549720E-01
   -8.07415656E-01    5.93185236E-01
   -8.42984716E-01    5.41492194E-01
   -8.75244050E-01    4.87673779E-01
   -9.04067301E-01    4.31941457E-01
   -9.29341583E-01    3.74514154E-01
   -9.50967920E-01    3.15617401E-01
   -9.68861626E-01    2.55482453E-01
   -9.82952631E-01    1.94345387E-01
   -9.93185754E-01    1.32446188E-01
   -9.99520911E-01    7.00278050E-02
   -1.00193327E+00    7.33521635E-03
   -1.00041337E+00   -5.53855306E-02
   -9.94967094E-01   -1.17888274E-01
   -9.85615736E-01   -1.79927694E-01
   -9.72395849E-01   -2.41260270E-01
   -9.55359137E-01   -3.01645226E-01
   -9.34572249E-01   -3.60845472E-01
   -9.10116523E-01   -4.18628521E-01
   -8.82087675E-01   -4.74767403E-01
   -8.50595432E-01   -5.29041545E-01
   -8.15763104E-01   -5.81237639E-01
   -7.77727116E-01   -6.31150471E-01
   -7.36636477E-01   -6.78583725E-01
   -6.92652204E-01   -7.23350759E-01
   -6.45946704E-01   -7.65275332E-01
   -5.96703104E-01   -8.04192302E-01
   -5.45114539E-01   -8.39948277E-01
   -4.91383409E-01   -8.72402222E-01
   -4.35720586E-01   -9.01426016E-01
   -3.78344599E-01   -9.26904967E-01
   -3.19480779E-01   -9.48738267E-01
   -2.59360385E-01   -9.66839398E-01
   -1.98219694E-01   -9.81136482E-01
   -1.36299082E-01   -9.91572572E-01
   -7.38420829E-02   -9.98105889E-01
   -1.10944281E-02   -1.00071000E+00
    5.16969144E-02   -9.99373912E-01
    1.14284714E-01   -9.94102171E-01
    1.76422450E-01   -9.84914813E-01
    2.37865286E-01   -9.71847314E-01
    2.98371037E-01   -9.54950461E-01
    3.57701128E-01   -9.34290160E-01
    4.15621540E-01   -9.09947188E-01
    4.71903735E-01   -8.82016881E-01
    5.26325572E-01   -8.50608770E-01
    5.78672181E-01   -8.15846152E-01
    6.28736829E-01   -7.77865614E-01
    6.76321737E-01   -7.36816497E-01
    7.21238872E-01   -6.92860310E-01
    7.63310701E-01   -6.46170099E-01
    8.02370899E-01   -5.96929760E-01
    8.38265015E-01   -5.45333319E-01
    8.70851091E-01   -4.91584161E-01
    9.00000233E-01   -4.35894226E-01
    9.25597127E-01   -3.78483172E-01
    9.47540502E-01   -3.19577496E-01
    9.65743537E-01   -2.59409642E-01
    9.80134209E-01   -1.98217074E-01
    9.90655586E-01   -1.36241329E-01
    9.97266049E-01   -7.37270589E-02
    9.99939465E-01   -1.09210549E-02
    9.98665291E-01    5.19287347E-02
    9.93448610E-01    1.14574193E-01
    9.84310119E-01    1.76768020E-01
    9.71286038E-01    2.38264722E-01
    9.54427965E-01    2.98821584E-01
    9.33802669E-01    3.58199639E-01
    9.09491822E-01    4.16164615E-01
    8.81591664E-01    4.72487867E-01
    8.50212623E-01    5.26947287E-01
    8.15478866E-01    5.79328180E-01
    7.77527799E-01    6.29424120E-01
    7.36509520E-01    6.77037759E-01
    6.92586214E-01    7.21981615E-01
    6.45931501E-01    7.64078804E-01
    5.96729747E-01    8.03163739E-01
    5.45175321E-01    8.39082778E-01
    4.91471822E-01    8.71694829E-01
    4.35831265E-01    9.00871897E-01
    3.78473241E-01    9.26499583E-01
    3.19624038E-01    9.48477530E-01
    2.59515746E-01    9.66719805E-01
    1.98385333E-01    9.81155232E-01
    1.36473713E-01    9.91727659E-01
    7.40247834E-02    9.98396173E-01
    1.12844719E-02    1.00113525E+00
   -5.15002402E-02    9.99934824E-01
   -1.14082288E-01    9.94800360E-01
   -1.76215493E-01    9.85752773E-01
   -2.37655534E-01    9.72828365E-01
   -2.98160898E-01    9.56078656E-01
   -3.57493834E-01    9.35570179E-01
   -4.15421273E-01    9.11384208E-01
   -4.71715747E-01    8.83616425E-01
   -5.26156269E-01    8.52376540E-01
   -5.78529197E-01    8.17787850E-01
   -6.28629062E-01    7.79986753E-01
   -6.76259369E-01    7.39122200E-01
   -7.21233358E-01    6.95355115E-01
   -7.63374727E-01    6.48857753E-01
   -8.02518315E-01    5.99813026E-01
   -8.38510742E-01    5.48413784E-01
   -8.71210999E-01    4.94862060E-01
   -9.00490997E-01    4.39368277E-01
   -9.26236057E-01    3.82150430E-01
   -9.48345356E-01    3.23433230E-01
   -9.66732310E-01    2.63447228E-01
   -9.81324917E-01    2.02427921E-01
   -9.92066026E-01    1.40614831E-01
   -9.98913562E-01    7.82505726E-02
   -1.00184069E+00    1.55799103E-02
   -1.00083591E+00   -4.71511939E-02
   -9.95903107E-01   -1.09696538E-01
   -9.87061550E-01   -1.71810636E-01
   -9.74345795E-01   -2.33249677E-01
   -9.57805568E-01   -2.93772469E-01
   -9.37505569E-01   -3.53141381E-01
   -9.13525226E-01   -4.11123270E-01
   -8.85958389E-01   -4.67490388E-01
   -8.54912969E-01   -5.22021271E-01
   -8.20510523E-01   -5.74501605E-01
   -7.82885785E-01   -6.24725064E-01
   -7.42186146E-01   -6.72494118E-01
   -6.98571086E-01   -7.17620810E-01
   -6.52211558E-01   -7.59927492E-01
   -6.03289326E-01   -7.99247524E-01
   -5.51996259E-01   -8.35425934E-01
   -4.98533588E-01   -8.68320031E-01
   -4.43111128E-01   -8.97799970E-01
   -3.85946455E-01   -9.23749268E-01
   -3.27264064E-01   -9.46065272E-01
   -2.67294493E-01   -9.64659567E-01
   -2.06273420E-01   -9.79458337E-01
   -1.44440744E-01   -9.90402666E-01
   -8.20396435E-02   -9.97448774E-01
   -1.93156237E-02   -1.00056821E+00
    4.34844481E-02   -9.99747959E-01
    1.06113314E-01   -9.94990530E-01
    1.68324300E-01   -9.86313933E-01
    2.29872287E-01   -9.73751634E-01
    2.90514685E-01   -9.57352425E-01
    3.50012385E-01   -9.37180251E-01
    4.08130714E-01   -9.13313962E-01
    4.64640361E-01   -8.85847013E-01
    5.19318294E-01   -8.54887103E-01
    5.71948638E-01   -8.20555760E-01
    6.22323545E-01   -7.82987866E-01
    6.70244017E-01   -7.42331129E-01
    7.15520702E-01   -6.98745509E-01
    7.57974651E-01   -6.52402582E-01
    7.97438032E-01   -6.03484873E-01
    8.33754806E-01   -5.52185129E-01
    8.66781349E-01   -4.98705561E-01
    8.96387029E-01   -4.43257041E-01
    9.22454731E-01   -3.86058271E-01
    9.44881324E-01   -3.27334907E-01
    9.63578080E-01   -2.67318671E-01
    9.78471027E-01   -2.06246426E-01
    9.89501247E-01   -1.44359232E-01
    9.96625113E-01   -8.19013908E-02
