       x:             approx:          exact:       relative error
0.00000000E+00    0.00000000E+00    0.00000000E+00    NAN               
1.11111111E-01    1.53702791E+00    5.59700946E-01    2.42083840E-01    
2.22222222E-01    1.47634888E+00    6.69419843E-01    8.11367594E-02    
3.33333333E-01    1.30730182E+00    6.31007807E-01    3.01008106E-02    
4.44444444E-01    1.10258077E+00    5.43832105E-01    1.17516562E-02    
5.55555556E-01    8.86116092E-01    4.40603746E-01    4.81155732E-03    
6.66666667E-01    6.65785493E-01    3.32090966E-01    2.09202248E-03    
7.77777778E-01    4.44182261E-01    2.21838591E-01    9.87671696E-04    
8.88888889E-01    2.22160087E-01    1.11013554E-01    5.19915715E-04    
1.00000000E+00    0.00000000E+00    5.88857305E-18    0.00000000E+00    
