       x:             approx:          exact:       relative error
0.00000000E+00    0.00000000E+00    0.00000000E+00    NAN               
1.01010101E-02    1.76502186E-01    8.59755462E-02    2.24014553E-02    
2.02020202E-02    2.50714039E-01    1.62720476E-01    -2.66991299E-01   
3.03030303E-02    3.16755109E-01    2.31121631E-01    -4.31197007E-01   
4.04040404E-02    3.75410412E-01    2.91980648E-01    -5.44033053E-01   
5.05050505E-02    4.27389543E-01    3.46022146E-01    -6.28653477E-01   
6.06060606E-02    4.73333923E-01    3.93901127E-01    -6.95387377E-01   
7.07070707E-02    5.13823347E-01    4.36209661E-01    -7.49756969E-01   
8.08080808E-02    5.49381907E-01    4.73482934E-01    -7.95068432E-01   
9.09090909E-02    5.80483340E-01    5.06204715E-01    -8.33462331E-01   
1.01010101E-01    6.07555869E-01    5.34812293E-01    -8.66406733E-01   
1.11111111E-01    6.30986577E-01    5.59700946E-01    -8.94954037E-01   
1.21212121E-01    6.51125355E-01    5.81227972E-01    -9.19885586E-01   
1.31313131E-01    6.68288479E-01    5.99716344E-01    -9.41798208E-01   
1.41414141E-01    6.82761838E-01    6.15458003E-01    -9.61158611E-01   
1.51515152E-01    6.94803855E-01    6.28716844E-01    -9.78338988E-01   
1.61616162E-01    7.04648122E-01    6.39731406E-01    -9.93641127E-01   
1.71717172E-01    7.12505792E-01    6.48717310E-01    -1.00731322E+00   
1.81818182E-01    7.18567729E-01    6.55869462E-01    -1.01956187E+00   
1.91919192E-01    7.23006459E-01    6.61364041E-01    -1.03056091E+00   
2.02020202E-01    7.25977935E-01    6.65360301E-01    -1.04045790E+00   
2.12121212E-01    7.27623124E-01    6.68002194E-01    -1.04937915E+00   
2.22222222E-01    7.28069451E-01    6.69419843E-01    -1.05743347E+00   
2.32323232E-01    7.27432097E-01    6.69730869E-01    -1.06471525E+00   
2.42424242E-01    7.25815180E-01    6.69041590E-01    -1.07130676E+00   
2.52525253E-01    7.23312810E-01    6.67448114E-01    -1.07728007E+00   
2.62626263E-01    7.20010059E-01    6.65037310E-01    -1.08269855E+00   
2.72727273E-01    7.15983825E-01    6.61887706E-01    -1.08761820E+00   
2.82828283E-01    7.11303617E-01    6.58070282E-01    -1.09208860E+00   
2.92929293E-01    7.06032266E-01    6.53649199E-01    -1.09615381E+00   
3.03030303E-01    7.00226567E-01    6.48682455E-01    -1.09985309E+00   
3.13131313E-01    6.93937858E-01    6.43222475E-01    -1.10322150E+00   
3.23232323E-01    6.87212545E-01    6.37316647E-01    -1.10629042E+00   
3.33333333E-01    6.80092575E-01    6.31007807E-01    -1.10908799E+00   
3.43434343E-01    6.72615865E-01    6.24334673E-01    -1.11163948E+00   
3.53535354E-01    6.64816689E-01    6.17332247E-01    -1.11396763E+00   
3.63636364E-01    6.56726028E-01    6.10032165E-01    -1.11609292E+00   
3.73737374E-01    6.48371888E-01    6.02463024E-01    -1.11803385E+00   
3.83838384E-01    6.39779582E-01    5.94650676E-01    -1.11980711E+00   
3.93939394E-01    6.30971992E-01    5.86618486E-01    -1.12142778E+00   
4.04040404E-01    6.21969803E-01    5.78387576E-01    -1.12290954E+00   
4.14141414E-01    6.12791709E-01    5.69977038E-01    -1.12426474E+00   
4.24242424E-01    6.03454612E-01    5.61404130E-01    -1.12550462E+00   
4.34343434E-01    5.93973789E-01    5.52684452E-01    -1.12663934E+00   
4.44444444E-01    5.84363046E-01    5.43832105E-01    -1.12767815E+00   
4.54545455E-01    5.74634868E-01    5.34859835E-01    -1.12862944E+00   
4.64646465E-01    5.64800536E-01    5.25779165E-01    -1.12950085E+00   
4.74747475E-01    5.54870249E-01    5.16600508E-01    -1.13029931E+00   
4.84848485E-01    5.44853227E-01    5.07333280E-01    -1.13103113E+00   
4.94949495E-01    5.34757802E-01    4.97985988E-01    -1.13170207E+00   
5.05050505E-01    5.24591507E-01    4.88566327E-01    -1.13231737E+00   
5.15151515E-01    5.14361152E-01    4.79081248E-01    -1.13288178E+00   
5.25252525E-01    5.04072890E-01    4.69537037E-01    -1.13339967E+00   
5.35353535E-01    4.93732285E-01    4.59939375E-01    -1.13387500E+00   
5.45454545E-01    4.83344366E-01    4.50293398E-01    -1.13431139E+00   
5.55555556E-01    4.72913680E-01    4.40603746E-01    -1.13471213E+00   
5.65656566E-01    4.62444333E-01    4.30874617E-01    -1.13508024E+00   
5.75757576E-01    4.51940042E-01    4.21109804E-01    -1.13541846E+00   
5.85858586E-01    4.41404164E-01    4.11312733E-01    -1.13572932E+00   
5.95959596E-01    4.30839732E-01    4.01486506E-01    -1.13601511E+00   
6.06060606E-01    4.20249491E-01    3.91633923E-01    -1.13627792E+00   
6.16161616E-01    4.09635920E-01    3.81757515E-01    -1.13651967E+00   
6.26262626E-01    3.99001261E-01    3.71859573E-01    -1.13674211E+00   
6.36363636E-01    3.88347540E-01    3.61942165E-01    -1.13694685E+00   
6.46464646E-01    3.77676587E-01    3.52007161E-01    -1.13713534E+00   
6.56565657E-01    3.66990059E-01    3.42056252E-01    -1.13730894E+00   
6.66666667E-01    3.56289452E-01    3.32090966E-01    -1.13746887E+00   
6.76767677E-01    3.45576119E-01    3.22112684E-01    -1.13761624E+00   
6.86868687E-01    3.34851282E-01    3.12122655E-01    -1.13775210E+00   
6.96969697E-01    3.24116047E-01    3.02122008E-01    -1.13787737E+00   
7.07070707E-01    3.13371412E-01    2.92111762E-01    -1.13799293E+00   
7.17171717E-01    3.02618281E-01    2.82092840E-01    -1.13809956E+00   
7.27272727E-01    2.91857470E-01    2.72066075E-01    -1.13819798E+00   
7.37373737E-01    2.81089717E-01    2.62032221E-01    -1.13828886E+00   
7.47474747E-01    2.70315688E-01    2.51991959E-01    -1.13837281E+00   
7.57575758E-01    2.59535988E-01    2.41945904E-01    -1.13845038E+00   
7.67676768E-01    2.48751160E-01    2.31894614E-01    -1.13852208E+00   
7.77777778E-01    2.37961697E-01    2.21838591E-01    -1.13858839E+00   
7.87878788E-01    2.27168045E-01    2.11778290E-01    -1.13864973E+00   
7.97979798E-01    2.16370606E-01    2.01714122E-01    -1.13870650E+00   
8.08080808E-01    2.05569744E-01    1.91646458E-01    -1.13875905E+00   
8.18181818E-01    1.94765787E-01    1.81575634E-01    -1.13880773E+00   
8.28282828E-01    1.83959034E-01    1.71501955E-01    -1.13885283E+00   
8.38383838E-01    1.73149753E-01    1.61425693E-01    -1.13889464E+00   
8.48484848E-01    1.62338186E-01    1.51347098E-01    -1.13893342E+00   
8.58585859E-01    1.51524553E-01    1.41266393E-01    -1.13896939E+00   
8.68686869E-01    1.40709054E-01    1.31183782E-01    -1.13900278E+00   
8.78787879E-01    1.29891866E-01    1.21099447E-01    -1.13903378E+00   
8.88888889E-01    1.19073152E-01    1.11013554E-01    -1.13906259E+00   
8.98989899E-01    1.08253060E-01    1.00926252E-01    -1.13908936E+00   
9.09090909E-01    9.74317208E-02    9.08376780E-02    -1.13911426E+00   
9.19191919E-01    8.66092548E-02    8.07479529E-02    -1.13913743E+00   
9.29292929E-01    7.57857702E-02    7.06571876E-02    -1.13915899E+00   
9.39393939E-01    6.49613649E-02    6.05654821E-02    -1.13917907E+00   
9.49494949E-01    5.41361273E-02    5.04729267E-02    -1.13919779E+00   
9.59595960E-01    4.33101374E-02    4.03796031E-02    -1.13921523E+00   
9.69696970E-01    3.24834674E-02    3.02855850E-02    -1.13923151E+00   
9.79797980E-01    2.16561828E-02    2.01909392E-02    -1.13924670E+00   
9.89898990E-01    1.08283425E-02    1.00957261E-02    -1.13926088E+00   
1.00000000E+00    0.00000000E+00    5.88857305E-18    0.00000000E+00    
