Eigenvalues:
9.86940348E+00
3.94752030E+01
8.88101662E+01
1.57862241E+02
2.46614560E+02
3.55045441E+02
4.83128396E+02
6.30832137E+02
7.98120581E+02
9.84952862E+02
1.19128334E+03
1.41706161E+03
1.66223252E+03
1.92673618E+03
2.21050796E+03
2.51347856E+03
2.83557396E+03
3.17671547E+03
3.53681977E+03
3.91579887E+03
4.31356021E+03
4.73000660E+03
5.16503634E+03
5.61854313E+03
6.09041619E+03
6.58054026E+03
7.08879561E+03
7.61505806E+03
8.15919907E+03
8.72108570E+03
9.30058071E+03
9.89754251E+03
1.05118253E+04
1.11432790E+04
1.17917493E+04
1.24570779E+04
1.31391023E+04
1.38376557E+04
1.45525676E+04
1.52836633E+04
1.60307642E+04
1.67936878E+04
1.75722478E+04
1.83662539E+04
1.91755122E+04
1.99998250E+04
2.08389910E+04
2.16928050E+04
2.25610587E+04
2.34435397E+04
2.43400327E+04
2.52503185E+04
2.61741749E+04
2.71113760E+04
2.80616930E+04
2.90248938E+04
3.00007430E+04
3.09890022E+04
3.19894300E+04
3.30017821E+04
3.40258111E+04
3.50612669E+04
3.61078965E+04
3.71654442E+04
3.82336518E+04
3.93122582E+04
4.04010000E+04
4.14996112E+04
4.26078234E+04
4.37253659E+04
4.48519658E+04
4.59873477E+04
4.71312343E+04
4.82833463E+04
4.94434021E+04
5.06111184E+04
5.17862099E+04
5.29683896E+04
5.41573686E+04
5.53528565E+04
5.65545613E+04
5.77621894E+04
5.89754459E+04
6.01940342E+04
6.14176568E+04
6.26460147E+04
6.38788079E+04
6.51157352E+04
6.63564944E+04
6.76007824E+04
6.88482953E+04
7.00987284E+04
7.13517761E+04
7.26071323E+04
7.38644905E+04
7.51235434E+04
7.63839834E+04
7.76455028E+04
7.89077932E+04
8.01705463E+04
8.14334537E+04
8.26962068E+04
8.39584972E+04
8.52200166E+04
8.64804566E+04
8.77395095E+04
8.89968677E+04
9.02522239E+04
9.15052716E+04
9.27557047E+04
9.40032176E+04
9.52475056E+04
9.64882648E+04
9.77251921E+04
9.89579853E+04
1.00186343E+05
1.01409966E+05
1.02628554E+05
1.03841811E+05
1.05049439E+05
1.06251143E+05
1.07446631E+05
1.08635610E+05
1.09817790E+05
1.10992882E+05
1.12160598E+05
1.13320654E+05
1.14472766E+05
1.15616652E+05
1.16752034E+05
1.17878634E+05
1.18996177E+05
1.20104389E+05
1.21203000E+05
1.22291742E+05
1.23370348E+05
1.24438556E+05
1.25496104E+05
1.26542733E+05
1.27578189E+05
1.28602218E+05
1.29614570E+05
1.30614998E+05
1.31603257E+05
1.32579106E+05
1.33542307E+05
1.34492624E+05
1.35429825E+05
1.36353681E+05
1.37263967E+05
1.38160460E+05
1.39042941E+05
1.39911195E+05
1.40765009E+05
1.41604175E+05
1.42428488E+05
1.43237746E+05
1.44031752E+05
1.44810312E+05
1.45573236E+05
1.46320337E+05
1.47051432E+05
1.47766344E+05
1.48464898E+05
1.49146922E+05
1.49812251E+05
1.50460721E+05
1.51092175E+05
1.51706457E+05
1.52303419E+05
1.52882914E+05
1.53444801E+05
1.53988942E+05
1.54515204E+05
1.55023460E+05
1.55513584E+05
1.55985457E+05
1.56438964E+05
1.56873993E+05
1.57290440E+05
1.57688201E+05
1.58067180E+05
1.58427285E+05
1.58768426E+05
1.59090521E+05
1.59393492E+05
1.59677264E+05
1.59941767E+05
1.60186938E+05
1.60412717E+05
1.60619047E+05
1.60805879E+05
1.60973168E+05
1.61120872E+05
1.61248955E+05
1.61357385E+05
1.61446138E+05
1.61515190E+05
1.61564525E+05
1.61594131E+05
