Eigenvalues:
2.99987671E+00
6.99950511E+00
1.10042265E+01
1.50847078E+01
1.95374682E+01
2.47713072E+01
3.09804778E+01
3.81928380E+01
4.63993340E+01
5.55898561E+01
6.57569594E+01
7.68951097E+01
8.89998736E+01
1.02067413E+02
1.16094187E+02
1.31076780E+02
1.47011795E+02
1.63895786E+02
1.81725219E+02
2.00496443E+02
2.20205676E+02
2.40848986E+02
2.62422289E+02
2.84921339E+02
3.08341728E+02
3.32678882E+02
3.57928056E+02
3.84084337E+02
4.11142645E+02
4.39097728E+02
4.67944163E+02
4.97676361E+02
5.28288562E+02
5.59774839E+02
5.92129097E+02
6.25345076E+02
6.59416349E+02
6.94336326E+02
7.30098254E+02
7.66695218E+02
8.04120140E+02
8.42365785E+02
8.81424760E+02
9.21289514E+02
9.61952341E+02
1.00340538E+03
1.04564062E+03
1.08864990E+03
1.13242490E+03
1.17695717E+03
1.22223810E+03
1.26825893E+03
1.31501078E+03
1.36248461E+03
1.41067124E+03
1.45956136E+03
1.50914552E+03
1.55941415E+03
1.61035753E+03
1.66196581E+03
1.71422902E+03
1.76713706E+03
1.82067971E+03
1.87484662E+03
1.92962732E+03
1.98501123E+03
2.04098764E+03
2.09754575E+03
2.15467461E+03
2.21236320E+03
2.27060036E+03
2.32937483E+03
2.38867527E+03
2.44849021E+03
2.50880810E+03
2.56961728E+03
2.63090599E+03
2.69266240E+03
2.75487458E+03
2.81753049E+03
2.88061804E+03
2.94412504E+03
3.00803920E+03
3.07234819E+03
3.13703957E+03
3.20210084E+03
3.26751944E+03
3.33328272E+03
3.39937797E+03
3.46579243E+03
3.53251325E+03
3.59952755E+03
3.66682238E+03
3.73438473E+03
3.80220154E+03
3.87025972E+03
3.93854612E+03
4.00704753E+03
4.07575072E+03
4.14464242E+03
4.21370932E+03
4.28293805E+03
4.35231526E+03
4.42182754E+03
4.49146145E+03
4.56120353E+03
4.63104031E+03
4.70095830E+03
4.77094399E+03
4.84098385E+03
4.91106434E+03
4.98117194E+03
5.05129308E+03
5.12141422E+03
5.19152181E+03
5.26160231E+03
5.33164217E+03
5.40162785E+03
5.47154584E+03
5.54138262E+03
5.61112471E+03
5.68075861E+03
5.75027088E+03
5.81964809E+03
5.88887683E+03
5.95794372E+03
6.02683542E+03
6.09553861E+03
6.16404002E+03
6.23232641E+03
6.30038459E+03
6.36820140E+03
6.43576375E+03
6.50305857E+03
6.57007287E+03
6.63679369E+03
6.70320814E+03
6.76930339E+03
6.83506666E+03
6.90048526E+03
6.96554653E+03
7.03023790E+03
7.09454688E+03
7.15846104E+03
7.22196803E+03
7.28505557E+03
7.34771148E+03
7.40992364E+03
7.47168005E+03
7.53296876E+03
7.59377792E+03
7.65409580E+03
7.71391074E+03
7.77321117E+03
7.83198563E+03
7.89022278E+03
7.94791135E+03
8.00504021E+03
8.06159830E+03
8.11757470E+03
8.17295860E+03
8.22773929E+03
8.28190618E+03
8.33544882E+03
8.38835684E+03
8.44062003E+03
8.49222829E+03
8.54317165E+03
8.59344026E+03
8.64302441E+03
8.69191451E+03
8.74010111E+03
8.78757491E+03
8.83432673E+03
8.88034754E+03
8.92562844E+03
8.97016067E+03
9.01393564E+03
9.05694489E+03
9.09918009E+03
9.14063309E+03
9.18129587E+03
9.22116058E+03
9.26021951E+03
9.29846510E+03
9.33588997E+03
9.37248687E+03
9.40824874E+03
9.44316864E+03
9.47723984E+03
9.51045574E+03
9.54280991E+03
9.57429609E+03
9.60490819E+03
9.63464027E+03
9.66348659E+03
9.69144154E+03
9.71849970E+03
9.74465582E+03
9.76990482E+03
9.79424177E+03
9.81766195E+03
9.84016076E+03
9.86173380E+03
9.88237682E+03
9.90208573E+03
9.92085660E+03
9.93868564E+03
9.95556920E+03
9.97150374E+03
9.98648583E+03
1.00005121E+04
1.00135791E+04
1.00256834E+04
1.00368213E+04
1.00469886E+04
1.00561800E+04
1.00643885E+04
1.00716036E+04
1.00778072E+04
1.00829627E+04
1.00869931E+04
1.00901652E+04
1.00940461E+04
1.00999510E+04
