Eigenvalues:
3.50020928E-01
5.33477167E-01
7.30829413E-01
9.63098248E-01
1.24862847E+00
1.59309832E+00
1.99731390E+00
2.46134521E+00
2.98521247E+00
3.56893366E+00
4.21251308E+00
4.91593443E+00
5.67915929E+00
6.50212809E+00
7.38476182E+00
8.32696372E+00
9.32862091E+00
1.03896057E+01
1.15097764E+01
1.26889787E+01
1.39270459E+01
1.52237994E+01
1.65790496E+01
1.79925960E+01
1.94642274E+01
2.09937224E+01
2.25808495E+01
2.42253672E+01
2.59270243E+01
2.76855599E+01
2.95007039E+01
3.13721765E+01
3.32996889E+01
3.52829429E+01
3.73216315E+01
3.94154385E+01
4.15640389E+01
4.37670988E+01
4.60242758E+01
4.83352184E+01
5.06995670E+01
5.31169530E+01
5.55869998E+01
5.81093221E+01
6.06835264E+01
6.33092110E+01
6.59859659E+01
6.87133734E+01
7.14910072E+01
7.43184335E+01
7.71952106E+01
8.01208887E+01
8.30950106E+01
8.61171113E+01
8.91867183E+01
9.23033516E+01
9.54665237E+01
9.86757399E+01
1.01930498E+02
1.05230289E+02
1.08574597E+02
1.11962898E+02
1.15394663E+02
1.18869353E+02
1.22386426E+02
1.25945331E+02
1.29545510E+02
1.33186401E+02
1.36867434E+02
1.40588031E+02
1.44347612E+02
1.48145587E+02
1.51981361E+02
1.55854335E+02
1.59763901E+02
1.63709449E+02
1.67690359E+02
1.71706008E+02
1.75755769E+02
1.79839006E+02
1.83955081E+02
1.88103348E+02
1.92283159E+02
1.96493858E+02
2.00734787E+02
2.05005280E+02
2.09304670E+02
2.13632283E+02
2.17987442E+02
2.22369463E+02
2.26777662E+02
2.31211347E+02
2.35669824E+02
2.40152395E+02
2.44658358E+02
2.49187007E+02
2.53737633E+02
2.58309523E+02
2.62901961E+02
2.67514228E+02
2.72145601E+02
2.76795355E+02
2.81462761E+02
2.86147089E+02
2.90847605E+02
2.95563572E+02
3.00294252E+02
3.05038903E+02
3.09796784E+02
3.14567147E+02
3.19349247E+02
3.24142334E+02
3.28945656E+02
3.33758463E+02
3.38580000E+02
3.43409511E+02
3.48246240E+02
3.53089430E+02
3.57938322E+02
3.62792155E+02
3.67650171E+02
3.72511607E+02
3.77375703E+02
3.82241695E+02
3.87108823E+02
3.91976324E+02
3.96843434E+02
4.01709392E+02
4.06573435E+02
4.11434802E+02
4.16292730E+02
4.21146459E+02
4.25995228E+02
4.30838278E+02
4.35674850E+02
4.40504186E+02
4.45325530E+02
4.50138126E+02
4.54941220E+02
4.59734060E+02
4.64515895E+02
4.69285976E+02
4.74043556E+02
4.78787888E+02
4.83518230E+02
4.88233842E+02
4.92933982E+02
4.97617917E+02
5.02284911E+02
5.06934233E+02
5.11565156E+02
5.16176953E+02
5.20768901E+02
5.25340282E+02
5.29890379E+02
5.34418479E+02
5.38923873E+02
5.43405854E+02
5.47863721E+02
5.52296775E+02
5.56704321E+02
5.61085669E+02
5.65440132E+02
5.69767028E+02
5.74065678E+02
5.78335410E+02
5.82575553E+02
5.86785444E+02
5.90964423E+02
5.95111835E+02
5.99227030E+02
6.03309363E+02
6.07358194E+02
6.11372889E+02
6.15352819E+02
6.19297359E+02
6.23205892E+02
6.27077804E+02
6.30912490E+02
6.34709347E+02
6.38467781E+02
6.42187203E+02
6.45867030E+02
6.49506683E+02
6.53105594E+02
6.56663198E+02
6.60178937E+02
6.63652259E+02
6.67082621E+02
6.70469483E+02
6.73812316E+02
6.77110595E+02
6.80363802E+02
6.83571427E+02
6.86732967E+02
6.89847926E+02
6.92915816E+02
6.95936155E+02
6.98908468E+02
7.01832290E+02
7.04707162E+02
7.07532632E+02
7.10308256E+02
7.13033599E+02
7.15708232E+02
7.18331736E+02
7.20903698E+02
7.23423714E+02
7.25891387E+02
7.28306330E+02
7.30668162E+02
7.32976512E+02
7.35231016E+02
7.37431318E+02
7.39577073E+02
7.41667942E+02
7.43703593E+02
7.45683707E+02
7.47607969E+02
7.49476074E+02
7.51287728E+02
7.53042640E+02
7.54740534E+02
7.56381136E+02
7.57964187E+02
7.59489430E+02
7.60956622E+02
7.62365524E+02
7.63715907E+02
7.65007551E+02
7.66240243E+02
7.67413775E+02
7.68527951E+02
7.69582578E+02
7.70577471E+02
7.71512450E+02
7.72387338E+02
7.73201962E+02
7.73956149E+02
7.74649722E+02
7.75282492E+02
7.75854253E+02
7.76364762E+02
7.76813707E+02
7.77200639E+02
7.77524807E+02
7.77784738E+02
7.77987100E+02
7.78078557E+02
7.78243017E+02
