Eigenvalues:
4.05619167E+00
7.90194961E+00
1.18002912E+01
1.57206991E+01
1.96514013E+01
2.35867513E+01
2.75236428E+01
3.14601985E+01
3.53952025E+01
3.93278250E+01
4.32574751E+01
4.71837177E+01
5.11062226E+01
5.50247334E+01
5.89390466E+01
6.28489976E+01
6.67544511E+01
7.06552941E+01
7.45514308E+01
7.84427795E+01
8.23292689E+01
8.62108367E+01
9.00874280E+01
9.39589932E+01
9.78254880E+01
1.01686872E+02
1.05543108E+02
1.09394162E+02
1.13240003E+02
1.17080600E+02
1.20915925E+02
1.24745954E+02
1.28570659E+02
1.32390018E+02
1.36204008E+02
1.40012606E+02
1.43815791E+02
1.47613543E+02
1.51405842E+02
1.55192667E+02
1.58974000E+02
1.62749822E+02
1.66520115E+02
1.70284860E+02
1.74044039E+02
1.77797635E+02
1.81545630E+02
1.85288007E+02
1.89024749E+02
1.92755838E+02
1.96481257E+02
2.00200990E+02
2.03915019E+02
2.07623328E+02
2.11325900E+02
2.15022718E+02
2.18713764E+02
2.22399023E+02
2.26078478E+02
2.29752111E+02
2.33419905E+02
2.37081844E+02
2.40737910E+02
2.44388087E+02
2.48032357E+02
2.51670703E+02
2.55303108E+02
2.58929554E+02
2.62550024E+02
2.66164500E+02
2.69772964E+02
2.73375399E+02
2.76971789E+02
2.80562119E+02
2.84146387E+02
2.87724625E+02
2.91296967E+02
2.94863812E+02
2.98426180E+02
3.01986369E+02
3.05548876E+02
3.09121251E+02
3.12714099E+02
3.16339626E+02
3.20009115E+02
3.23730732E+02
3.27508745E+02
3.31344086E+02
3.35235481E+02
3.39180492E+02
3.43176216E+02
3.47219691E+02
3.51308077E+02
3.55438736E+02
3.59609238E+02
3.63817357E+02
3.68061041E+02
3.72338397E+02
3.76647660E+02
3.80987180E+02
3.85355403E+02
3.89750857E+02
3.94172140E+02
3.98617911E+02
4.03086881E+02
4.07577805E+02
4.12089480E+02
4.16620735E+02
4.21170432E+02
4.25737457E+02
4.30320721E+02
4.34919157E+02
4.39531713E+02
4.44157357E+02
4.48795072E+02
4.53443851E+02
4.58102702E+02
4.62770643E+02
4.67446701E+02
4.72129911E+02
4.76819319E+02
4.81513975E+02
4.86212937E+02
4.90915268E+02
4.95620037E+02
5.00326317E+02
5.05033187E+02
5.09739728E+02
5.14445025E+02
5.19148167E+02
5.23848245E+02
5.28544353E+02
5.33235588E+02
5.37921046E+02
5.42599829E+02
5.47271036E+02
5.51933771E+02
5.56587137E+02
5.61230238E+02
5.65862177E+02
5.70482061E+02
5.75088993E+02
5.79682077E+02
5.84260418E+02
5.88823119E+02
5.93369280E+02
5.97898002E+02
6.02408384E+02
6.06899521E+02
6.11370509E+02
6.15820436E+02
6.20248392E+02
6.24653460E+02
6.29034718E+02
6.33391242E+02
6.37722100E+02
6.42026356E+02
6.46303064E+02
6.50551273E+02
6.54770023E+02
6.58958343E+02
6.63115252E+02
6.67239757E+02
6.71330852E+02
6.75387515E+02
6.79408710E+02
6.83393379E+02
6.87340447E+02
6.91248813E+02
6.95117351E+02
6.98944907E+02
7.02730293E+02
7.06472285E+02
7.10169617E+02
7.13820977E+02
7.17424997E+02
7.20980251E+02
7.24485240E+02
7.27938385E+02
7.31338015E+02
7.34682347E+02
7.37969473E+02
7.41197329E+02
7.44363672E+02
7.47466041E+02
7.50501705E+02
7.53467602E+02
7.56360249E+02
7.59175625E+02
7.61908991E+02
7.64554633E+02
7.67105444E+02
7.69552204E+02
7.71882187E+02
7.74075760E+02
7.76096470E+02
7.77887290E+02
7.79535979E+02
7.81351817E+02
7.83412338E+02
7.85658514E+02
7.88053786E+02
7.90579317E+02
7.93223802E+02
7.95979753E+02
7.98841958E+02
8.01806711E+02
8.04871375E+02
8.08034113E+02
8.11293720E+02
8.14649501E+02
8.18101201E+02
8.21648939E+02
8.25293177E+02
8.29034690E+02
8.32874552E+02
8.36814123E+02
8.40855048E+02
8.44999259E+02
8.49248983E+02
8.53606752E+02
8.58075420E+02
8.62658189E+02
8.67358632E+02
8.72180728E+02
8.77128907E+02
8.82208096E+02
8.87423781E+02
8.92782083E+02
8.98289841E+02
9.03954724E+02
9.09785363E+02
9.15791514E+02
9.21984262E+02
9.28376282E+02
9.34982165E+02
9.41818849E+02
9.48906179E+02
9.56267671E+02
9.63931545E+02
9.71932193E+02
9.80312303E+02
9.89126054E+02
9.98444141E+02
1.00836211E+03
1.01901520E+03
1.03060739E+03
1.04347637E+03
1.05827205E+03
1.07667945E+03
