Eigenvalues:
1.52357786E-01
2.81210150E-01
4.60485261E-01
6.93740918E-01
9.83303228E-01
1.33059308E+00
1.73647317E+00
2.20146941E+00
2.72590060E+00
3.30995353E+00
3.95372723E+00
4.65725967E+00
5.42054439E+00
6.24354109E+00
7.12618263E+00
8.06837977E+00
9.07002440E+00
1.01309919E+01
1.12511427E+01
1.24303236E+01
1.36683689E+01
1.49651006E+01
1.63203295E+01
1.77338552E+01
1.92054667E+01
2.07349427E+01
2.23220516E+01
2.39665520E+01
2.56681927E+01
2.74267128E+01
2.92418420E+01
3.11133007E+01
3.30407998E+01
3.50240414E+01
3.70627181E+01
3.91565139E+01
4.13051036E+01
4.35081535E+01
4.57653208E+01
4.80762543E+01
5.04405942E+01
5.28579720E+01
5.53280109E+01
5.78503257E+01
6.04245229E+01
6.30502006E+01
6.57269491E+01
6.84543503E+01
7.12319782E+01
7.40593989E+01
7.69361705E+01
7.98618434E+01
8.28359603E+01
8.58580562E+01
8.89276586E+01
9.20442875E+01
9.52074553E+01
9.84166674E+01
1.01671422E+02
1.04971209E+02
1.08315513E+02
1.11703811E+02
1.15135572E+02
1.18610259E+02
1.22127329E+02
1.25686230E+02
1.29286407E+02
1.32927295E+02
1.36608325E+02
1.40328920E+02
1.44088498E+02
1.47886470E+02
1.51722242E+02
1.55595213E+02
1.59504777E+02
1.63450322E+02
1.67431230E+02
1.71446878E+02
1.75496636E+02
1.79579872E+02
1.83695944E+02
1.87844210E+02
1.92024018E+02
1.96234716E+02
2.00475642E+02
2.04746134E+02
2.09045523E+02
2.13373134E+02
2.17728291E+02
2.22110311E+02
2.26518508E+02
2.30952191E+02
2.35410667E+02
2.39893237E+02
2.44399198E+02
2.48927846E+02
2.53478471E+02
2.58050359E+02
2.62642796E+02
2.67255061E+02
2.71886433E+02
2.76536185E+02
2.81203590E+02
2.85887917E+02
2.90588431E+02
2.95304397E+02
3.00035076E+02
3.04779726E+02
3.09537606E+02
3.14307968E+02
3.19090067E+02
3.23883152E+02
3.28686474E+02
3.33499280E+02
3.38320815E+02
3.43150325E+02
3.47987053E+02
3.52830242E+02
3.57679132E+02
3.62532965E+02
3.67390979E+02
3.72252415E+02
3.77116509E+02
3.81982501E+02
3.86849628E+02
3.91717127E+02
3.96584236E+02
4.01450193E+02
4.06314236E+02
4.11175601E+02
4.16033528E+02
4.20887256E+02
4.25736024E+02
4.30579073E+02
4.35415644E+02
4.40244979E+02
4.45066321E+02
4.49878916E+02
4.54682009E+02
4.59474849E+02
4.64256683E+02
4.69026762E+02
4.73784341E+02
4.78528672E+02
4.83259013E+02
4.87974623E+02
4.92674763E+02
4.97358696E+02
5.02025689E+02
5.06675010E+02
5.11305932E+02
5.15917727E+02
5.20509675E+02
5.25081054E+02
5.29631150E+02
5.34159249E+02
5.38664641E+02
5.43146621E+02
5.47604487E+02
5.52037539E+02
5.56445084E+02
5.60826431E+02
5.65180892E+02
5.69507786E+02
5.73806435E+02
5.78076165E+02
5.82316307E+02
5.86526196E+02
5.90705174E+02
5.94852584E+02
5.98967777E+02
6.03050108E+02
6.07098938E+02
6.11113631E+02
6.15093558E+02
6.19038097E+02
6.22946627E+02
6.26818538E+02
6.30653221E+02
6.34450077E+02
6.38208509E+02
6.41927928E+02
6.45607752E+02
6.49247403E+02
6.52846312E+02
6.56403913E+02
6.59919649E+02
6.63392968E+02
6.66823327E+02
6.70210186E+02
6.73553016E+02
6.76851291E+02
6.80104495E+02
6.83312117E+02
6.86473654E+02
6.89588609E+02
6.92656495E+02
6.95676830E+02
6.98649139E+02
7.01572957E+02
7.04447824E+02
7.07273289E+02
7.10048908E+02
7.12774246E+02
7.15448874E+02
7.18072372E+02
7.20644328E+02
7.23164337E+02
7.25632004E+02
7.28046940E+02
7.30408765E+02
7.32717107E+02
7.34971603E+02
7.37171898E+02
7.39317644E+02
7.41408503E+02
7.43444145E+02
7.45424248E+02
7.47348498E+02
7.49216592E+02
7.51028233E+02
7.52783133E+02
7.54481012E+02
7.56121600E+02
7.57704635E+02
7.59229862E+02
7.60697036E+02
7.62105920E+02
7.63456283E+02
7.64747907E+02
7.65980576E+02
7.67154086E+02
7.68268238E+02
7.69322841E+02
7.70317710E+02
7.71252666E+02
7.72127534E+02
7.72942143E+02
7.73696322E+02
7.74389900E+02
7.75022700E+02
7.75594532E+02
7.76105182E+02
7.76554392E+02
7.76941822E+02
7.77266962E+02
7.77528913E+02
7.77725665E+02
7.77851721E+02
7.78041251E+02
