Eigenvalues:
2.22970751E+00
4.13258748E+00
6.06932286E+00
8.02226614E+00
9.98413650E+00
1.19513176E+01
1.39217788E+01
1.58942774E+01
1.78680022E+01
1.98423971E+01
2.18170657E+01
2.37917160E+01
2.57661276E+01
2.77401297E+01
2.97135879E+01
3.16863946E+01
3.36584622E+01
3.56297185E+01
3.76001034E+01
3.95695662E+01
4.15380639E+01
4.35055597E+01
4.54720215E+01
4.74374217E+01
4.94017358E+01
5.13649425E+01
5.33270227E+01
5.52879593E+01
5.72477372E+01
5.92063426E+01
6.11637632E+01
6.31199893E+01
6.50750203E+01
6.70289004E+01
6.89818724E+01
7.09349159E+01
7.28911733E+01
7.48584823E+01
7.68513785E+01
7.88890239E+01
8.09887840E+01
8.31610558E+01
8.54091684E+01
8.77321720E+01
9.01273824E+01
9.25917607E+01
9.51224584E+01
9.77169660E+01
1.00373110E+02
1.03089003E+02
1.05862994E+02
1.08693620E+02
1.11579565E+02
1.14519635E+02
1.17512731E+02
1.20557832E+02
1.23653981E+02
1.26800270E+02
1.29995837E+02
1.33239852E+02
1.36531515E+02
1.39870048E+02
1.43254696E+02
1.46684718E+02
1.50159386E+02
1.53677984E+02
1.57239804E+02
1.60844147E+02
1.64490317E+02
1.68177626E+02
1.71905386E+02
1.75672913E+02
1.79479525E+02
1.83324540E+02
1.87207278E+02
1.91127058E+02
1.95083197E+02
1.99075013E+02
2.03101823E+02
2.07162941E+02
2.11257681E+02
2.15385353E+02
2.19545266E+02
2.23736728E+02
2.27959042E+02
2.32211509E+02
2.36493431E+02
2.40804102E+02
2.45142818E+02
2.49508869E+02
2.53901544E+02
2.58320129E+02
2.62763908E+02
2.67232160E+02
2.71724164E+02
2.76239194E+02
2.80776524E+02
2.85335424E+02
2.89915161E+02
2.94514999E+02
2.99134203E+02
3.03772032E+02
3.08427745E+02
3.13100596E+02
3.17789841E+02
3.22494730E+02
3.27214515E+02
3.31948441E+02
3.36695756E+02
3.41455704E+02
3.46227528E+02
3.51010469E+02
3.55803767E+02
3.60606660E+02
3.65418386E+02
3.70238180E+02
3.75065278E+02
3.79898914E+02
3.84738321E+02
3.89582731E+02
3.94431377E+02
3.99283489E+02
4.04138299E+02
4.08995037E+02
4.13852933E+02
4.18711218E+02
4.23569122E+02
4.28425874E+02
4.33280706E+02
4.38132848E+02
4.42981531E+02
4.47825987E+02
4.52665448E+02
4.57499147E+02
4.62326318E+02
4.67146196E+02
4.71958015E+02
4.76761014E+02
4.81554429E+02
4.86337501E+02
4.91109471E+02
4.95869580E+02
5.00617073E+02
5.05351195E+02
5.10071195E+02
5.14776320E+02
5.19465824E+02
5.24138960E+02
5.28794983E+02
5.33433151E+02
5.38052726E+02
5.42652969E+02
5.47233148E+02
5.51792528E+02
5.56330383E+02
5.60845984E+02
5.65338609E+02
5.69807538E+02
5.74252051E+02
5.78671436E+02
5.83064980E+02
5.87431976E+02
5.91771718E+02
5.96083505E+02
6.00366637E+02
6.04620421E+02
6.08844165E+02
6.13037179E+02
6.17198780E+02
6.21328285E+02
6.25425017E+02
6.29488301E+02
6.33517465E+02
6.37511842E+02
6.41470766E+02
6.45393577E+02
6.49279616E+02
6.53128227E+02
6.56938759E+02
6.60710561E+02
6.64442986E+02
6.68135390E+02
6.71787131E+02
6.75397568E+02
6.78966062E+02
6.82491976E+02
6.85974674E+02
6.89413519E+02
6.92807876E+02
6.96157108E+02
6.99460578E+02
7.02717645E+02
7.05927669E+02
7.09090003E+02
7.12203997E+02
7.15268993E+02
7.18284328E+02
7.21249329E+02
7.24163311E+02
7.27025578E+02
7.29835415E+02
7.32592092E+02
7.35294853E+02
7.37942920E+02
7.40535479E+02
7.43071683E+02
7.45550638E+02
7.47971398E+02
7.50332955E+02
7.52634224E+02
7.54874028E+02
7.57051079E+02
7.59163949E+02
7.61211039E+02
7.63190531E+02
7.65100329E+02
7.66937968E+02
7.68700493E+02
7.70384262E+02
7.71984637E+02
7.73495442E+02
7.74907884E+02
7.76207652E+02
7.77363197E+02
7.78322104E+02
7.79243504E+02
7.80371701E+02
7.81677172E+02
7.83116513E+02
7.84672955E+02
7.86338940E+02
7.88111021E+02
7.89988196E+02
7.91971222E+02
7.94062303E+02
7.96264993E+02
7.98584211E+02
8.01026372E+02
8.03599620E+02
8.06314198E+02
8.09183003E+02
8.12222410E+02
8.15453543E+02
8.18904271E+02
8.22612551E+02
8.26632373E+02
8.31045401E+02
8.35986975E+02
8.41717559E+02
8.48911480E+02
