Eigenvalues:
1.74356993E+01
3.70105737E+01
5.67045379E+01
7.64276554E+01
9.61484677E+01
1.15852555E+02
1.35532164E+02
1.55182654E+02
1.74801024E+02
1.94385209E+02
2.13933719E+02
2.33445432E+02
2.52919476E+02
2.72355148E+02
2.91751871E+02
3.11109153E+02
3.30426571E+02
3.49703753E+02
3.68940365E+02
3.88136101E+02
4.07290681E+02
4.26403844E+02
4.45475341E+02
4.64504937E+02
4.83492407E+02
5.02437532E+02
5.21340099E+02
5.40199902E+02
5.59016738E+02
5.77790404E+02
5.96520704E+02
6.15207441E+02
6.33850418E+02
6.52449441E+02
6.71004316E+02
6.89514848E+02
7.07980843E+02
7.26402104E+02
7.44778435E+02
7.63109639E+02
7.81395519E+02
7.99635872E+02
8.17830499E+02
8.35979196E+02
8.54081757E+02
8.72137977E+02
8.90147645E+02
9.08110550E+02
9.26026478E+02
9.43895214E+02
9.61716538E+02
9.79490229E+02
9.97216063E+02
1.01489381E+03
1.03252325E+03
1.05010413E+03
1.06763623E+03
1.08511931E+03
1.10255311E+03
1.11993740E+03
1.13727193E+03
1.15455643E+03
1.17179066E+03
1.18897434E+03
1.20610722E+03
1.22318901E+03
1.24021945E+03
1.25719826E+03
1.27412515E+03
1.29099983E+03
1.30782200E+03
1.32459137E+03
1.34130763E+03
1.35797048E+03
1.37457958E+03
1.39113464E+03
1.40763530E+03
1.42408124E+03
1.44047213E+03
1.45680760E+03
1.47308731E+03
1.48931090E+03
1.50547799E+03
1.52158821E+03
1.53764118E+03
1.55363650E+03
1.56957377E+03
1.58545258E+03
1.60127251E+03
1.61703313E+03
1.63273401E+03
1.64837469E+03
1.66395473E+03
1.67947363E+03
1.69493093E+03
1.71032614E+03
1.72565874E+03
1.74092821E+03
1.75613403E+03
1.77127565E+03
1.78635250E+03
1.80136401E+03
1.81630959E+03
1.83118863E+03
1.84600049E+03
1.86074455E+03
1.87542012E+03
1.89002654E+03
1.90456308E+03
1.91902902E+03
1.93342362E+03
1.94774609E+03
1.96199562E+03
1.97617140E+03
1.99027256E+03
2.00429820E+03
2.01824741E+03
2.03211923E+03
2.04591265E+03
2.05962665E+03
2.07326015E+03
2.08681203E+03
2.10028111E+03
2.11366619E+03
2.12696597E+03
2.14017913E+03
2.15330426E+03
2.16633991E+03
2.17928453E+03
2.19213649E+03
2.20489409E+03
2.21755553E+03
2.23011889E+03
2.24258215E+03
2.25494318E+03
2.26719969E+03
2.27934929E+03
2.29138942E+03
2.30331739E+03
2.31513037E+03
2.32682543E+03
2.33839954E+03
2.34984965E+03
2.36117268E+03
2.37236557E+03
2.38342525E+03
2.39434847E+03
2.40513162E+03
2.41577031E+03
2.42625886E+03
2.43658959E+03
2.44675214E+03
2.45673253E+03
2.46651212E+03
2.47606604E+03
2.48536066E+03
2.49434859E+03
2.50295812E+03
2.51107938E+03
2.51863216E+03
2.52591268E+03
2.53357291E+03
2.54187159E+03
2.55072670E+03
2.56004037E+03
2.56975179E+03
2.57982252E+03
2.59022636E+03
2.60094434E+03
2.61196224E+03
2.62326911E+03
2.63485638E+03
2.64671728E+03
2.65884645E+03
2.67123965E+03
2.68389354E+03
2.69680558E+03
2.70997386E+03
2.72339706E+03
2.73707434E+03
2.75100531E+03
2.76518997E+03
2.77962873E+03
2.79432228E+03
2.80927167E+03
2.82447823E+03
2.83994360E+03
2.85566966E+03
2.87165859E+03
2.88791282E+03
2.90443503E+03
2.92122819E+03
2.93829549E+03
2.95564041E+03
2.97326668E+03
2.99117829E+03
3.00937954E+03
3.02787497E+03
3.04666945E+03
3.06576813E+03
3.08517650E+03
3.10490035E+03
3.12494585E+03
3.14531952E+03
3.16602827E+03
3.18707943E+03
3.20848074E+03
3.23024042E+03
3.25236720E+03
3.27487031E+03
3.29775956E+03
3.32104539E+03
3.34473888E+03
3.36885183E+03
3.39339682E+03
3.41838727E+03
3.44383752E+03
3.46976293E+03
3.49617995E+03
3.52310627E+03
3.55056091E+03
3.57856438E+03
3.60713887E+03
3.63630841E+03
3.66609914E+03
3.69653952E+03
3.72766068E+03
3.75949680E+03
3.79208549E+03
3.82546838E+03
3.85969171E+03
3.89480712E+03
3.93087263E+03
3.96795376E+03
4.00612510E+03
4.04547215E+03
4.08609385E+03
4.12810579E+03
4.17164459E+03
4.21687390E+03
4.26399284E+03
4.31324823E+03
4.36495302E+03
4.41951525E+03
4.47748609E+03
4.53964546E+03
4.60716950E+03
4.68200512E+03
4.76790036E+03
4.87457532E+03
