                 x                 y
0.00000000E+00    6.28318531E+00
-3.94784176E-01    6.28318531E+00
-7.87242018E-01    6.25852645E+00
-1.17584701E+00    6.20949936E+00
-1.55908238E+00    6.13649274E+00
-1.93544909E+00    6.03999633E+00
-2.30347466E+00    5.92060289E+00
-2.66172264E+00    5.77900898E+00
-3.00880257E+00    5.61601458E+00
-3.34338025E+00    5.43252136E+00
-3.66418814E+00    5.22952946E+00
-3.97003558E+00    5.00813289E+00
-4.25981864E+00    4.76951345E+00
-4.53252946E+00    4.51493322E+00
-4.78726464E+00    4.24572573E+00
-5.02323263E+00    3.96328599E+00
-5.23975991E+00    3.66905938E+00
-5.43629569E+00    3.36452983E+00
-5.61241518E+00    3.05120726E+00
-5.76782110E+00    2.73061477E+00
-5.90234372E+00    2.40427564E+00
-6.01593909E+00    2.07370057E+00
-6.10868577E+00    1.74037519E+00
-6.18078002E+00    1.40574836E+00
-6.23252970E+00    1.07122118E+00
-6.26434682E+00    7.38137114E-01
-6.27673928E+00    4.07773244E-01
-6.27030162E+00    8.13328051E-02
-6.24570533E+00   -2.40060932E-01
-6.20368867E+00   -5.55369408E-01
-6.14504638E+00   -8.63642163E-01
-6.07061942E+00   -1.16401889E+00
-5.98128494E+00   -1.45573027E+00
-5.87794651E+00   -1.73809758E+00
-5.76152499E+00   -2.01053132E+00
-5.63294989E+00   -2.27252889E+00
-5.49315148E+00   -2.52367147E+00
-5.34305360E+00   -2.76362023E+00
-5.18356729E+00   -2.99211201E+00
-5.01558517E+00   -3.20895467E+00
-4.83997663E+00   -3.41402201E+00
-4.65758377E+00   -3.60724867E+00
-4.46921807E+00   -3.78862489E+00
-4.27565775E+00   -3.95819124E+00
-4.07764580E+00   -4.11603350E+00
-3.87588851E+00   -4.26227767E+00
-3.67105461E+00   -4.39708514E+00
-3.46377484E+00   -4.52064815E+00
-3.25464193E+00   -4.63318544E+00
-3.04421090E+00   -4.73493827E+00
-2.83299972E+00   -4.82616662E+00
-2.62149021E+00   -4.90714580E+00
-2.41012906E+00   -4.97816331E+00
-2.19932911E+00   -5.03951593E+00
-1.98947073E+00   -5.09150723E+00
-1.78090324E+00   -5.13444520E+00
-1.57394646E+00   -5.16864027E+00
-1.36889222E+00   -5.19440347E+00
-1.16600599E+00   -5.21204485E+00
-9.65528373E-01   -5.22187216E+00
-7.67676712E-01   -5.22418962E+00
-5.72646556E-01   -5.21929699E+00
-3.80613153E-01   -5.20748864E+00
-1.91732865E-01   -5.18905294E+00
-6.14453639E-03   -5.16427164E+00
1.76029202E-01   -5.13341946E+00
3.54680687E-01   -5.09676370E+00
5.29716044E-01   -5.05456401E+00
7.01054069E-01   -5.00707222E+00
8.68625179E-01   -4.95453222E+00
1.03237042E+00   -4.89717990E+00
1.19224055E+00   -4.83524319E+00
1.34819517E+00   -4.76894208E+00
1.50020190E+00   -4.69848873E+00
1.64823566E+00   -4.62408759E+00
1.79227793E+00   -4.54593553E+00
1.93231616E+00   -4.46422205E+00
2.06834312E+00   -4.37912940E+00
2.20035636E+00   -4.29083288E+00
2.32835771E+00   -4.19950095E+00
2.45235281E+00   -4.10529555E+00
2.57235066E+00   -4.00837224E+00
2.68836324E+00   -3.90888051E+00
2.80040514E+00   -3.80696395E+00
2.90849324E+00   -3.70276053E+00
3.01264636E+00   -3.59640281E+00
3.11288504E+00   -3.48801818E+00
3.20923125E+00   -3.37772909E+00
3.30170816E+00   -3.26565327E+00
3.39033996E+00   -3.15190396E+00
3.47515161E+00   -3.03659011E+00
3.55616875E+00   -2.91981661E+00
3.63341748E+00   -2.80168449E+00
3.70692422E+00   -2.68229110E+00
3.77671563E+00   -2.56173036E+00
3.84281847E+00   -2.44009288E+00
3.90525949E+00   -2.31746618E+00
3.96406536E+00   -2.19393489E+00
4.01926258E+00   -2.06958086E+00
4.07087740E+00   -1.94448340E+00
4.11893579E+00   -1.81871937E+00
4.16346337E+00   -1.69236338E+00
4.20448535E+00   -1.56548795E+00
4.24202652E+00   -1.43816360E+00
4.27611121E+00   -1.31045905E+00
4.30676324E+00   -1.18244133E+00
4.33400594E+00   -1.05417589E+00
4.35786211E+00   -9.25726778E-01
4.37835401E+00   -7.97156710E-01
4.39550337E+00   -6.68527220E-01
4.40933137E+00   -5.39898767E-01
4.41985867E+00   -4.11330841E-01
4.42710540E+00   -2.82882074E-01
4.43109115E+00   -1.54610346E-01
4.43183503E+00   -2.65728773E-02
4.42935566E+00    1.01173665E-01
4.42367119E+00    2.28573079E-01
4.41479934E+00    3.55569535E-01
4.40275740E+00    4.82107487E-01
4.38756230E+00    6.08131587E-01
4.36923061E+00    7.33586601E-01
4.34777859E+00    8.58417333E-01
4.32322224E+00    9.82568542E-01
4.29557730E+00    1.10598487E+00
4.26485937E+00    1.22861076E+00
4.23108388E+00    1.35039041E+00
4.19426619E+00    1.47126768E+00
4.15442161E+00    1.59118602E+00
4.11156552E+00    1.71008845E+00
4.06571335E+00    1.82791744E+00
4.01688069E+00    1.94461492E+00
3.96508337E+00    2.06012215E+00
3.91033747E+00    2.17437972E+00
3.85265947E+00    2.28732750E+00
3.79206627E+00    2.39890456E+00
3.72857531E+00    2.50904913E+00
3.66220460E+00    2.61769861E+00
3.59297287E+00    2.72478947E+00
3.52089963E+00    2.83025726E+00
3.44600526E+00    2.93403653E+00
3.36831112E+00    3.03606087E+00
3.28783966E+00    3.13626285E+00
3.20461450E+00    3.23457400E+00
3.11866055E+00    3.33092481E+00
3.03000416E+00    3.42524473E+00
2.93867317E+00    3.51746215E+00
2.84469710E+00    3.60750442E+00
2.74810721E+00    3.69529787E+00
2.64893668E+00    3.78076780E+00
2.54722071E+00    3.86383853E+00
2.44299667E+00    3.94443343E+00
2.33630424E+00    4.02247496E+00
2.22718551E+00    4.09788472E+00
2.11568517E+00    4.17058352E+00
2.00185064E+00    4.24049142E+00
1.88573220E+00    4.30752784E+00
1.76738313E+00    4.37161167E+00
1.64685989E+00    4.43266129E+00
1.52422224E+00    4.49059480E+00
1.39953337E+00    4.54533003E+00
1.27286008E+00    4.59678478E+00
1.14427289E+00    4.64487691E+00
1.01384619E+00    4.68952450E+00
8.81658362E-01    4.73064611E+00
7.47791904E-01    4.76816086E+00
6.12333565E-01    4.80198873E+00
4.75374441E-01    4.83205074E+00
3.37010080E-01    4.85826921E+00
1.97340574E-01    4.88056799E+00
5.64706338E-02    4.89887274E+00
-8.54903435E-02    4.91311123E+00
-2.28428227E-01    4.92321359E+00
-3.72224121E-01    4.92911267E+00
-5.16754350E-01    4.93074432E+00
-6.61890466E-01    4.92804778E+00
-8.07499280E-01    4.92096593E+00
-9.53442910E-01    4.90944576E+00
-1.09957886E+00    4.89343863E+00
-1.24576014E+00    4.87290070E+00
-1.39183537E+00    4.84779330E+00
-1.53764896E+00    4.81808325E+00
-1.68304131E+00    4.78374330E+00
-1.82784902E+00    4.74475249E+00
-1.97190516E+00    4.70109648E+00
-2.11503956E+00    4.65276793E+00
-2.25707913E+00    4.59976688E+00
-2.39784822E+00    4.54210103E+00
-2.53716903E+00    4.47978609E+00
-2.67486200E+00    4.41284606E+00
-2.81074631E+00    4.34131352E+00
-2.94464034E+00    4.26522984E+00
-3.07636222E+00    4.18464542E+00
-3.20573032E+00    4.09961984E+00
-3.33256390E+00    4.01022202E+00
-3.45668362E+00    3.91653030E+00
-3.57791222E+00    3.81863249E+00
-3.69607509E+00    3.71662589E+00
-3.81100095E+00    3.61061722E+00
-3.92252247E+00    3.50072256E+00
-4.03047691E+00    3.38706715E+00
-4.13470677E+00    3.26978524E+00
-4.23506043E+00    3.14901980E+00
-4.33139274E+00    3.02492223E+00
-4.42356565E+00    2.89765199E+00
-4.51144877E+00    2.76737618E+00
-4.59491993E+00    2.63426909E+00
-4.67386566E+00    2.49851169E+00
-4.74818171E+00    2.36029104E+00
-4.81777343E+00    2.21979975E+00
-4.88255619E+00    2.07723531E+00
-4.94245569E+00    1.93279944E+00
-4.99740827E+00    1.78669739E+00
-5.04736106E+00    1.63913723E+00
-5.09227222E+00    1.49032913E+00
-5.13211100E+00    1.34048461E+00
-5.16685779E+00    1.18981581E+00
-5.19650409E+00    1.03853472E+00
-5.22105246E+00    8.86852463E-01
-5.24051633E+00    7.34978588E-01
-5.25491988E+00    5.83120331E-01
-5.26429772E+00    4.31481956E-01
-5.26869463E+00    2.80264094E-01
-5.26816518E+00    1.29663124E-01
-5.26277337E+00   -2.01294082E-02
-5.25259220E+00   -1.68927341E-01
-5.23770316E+00   -3.16550390E-01
-5.21819576E+00   -4.62824609E-01
-5.19416700E+00   -6.07582798E-01
-5.16572085E+00   -7.50664859E-01
-5.13296763E+00   -8.91918112E-01
-5.09602348E+00   -1.03119755E+00
-5.05500977E+00   -1.16836607E+00
-5.01005252E+00   -1.30329459E+00
-4.96128180E+00   -1.43586224E+00
-4.90883120E+00   -1.56595635E+00
-4.85283721E+00   -1.69347255E+00
-4.79343869E+00   -1.81831470E+00
-4.73077636E+00   -1.94039487E+00
-4.66499226E+00   -2.05963324E+00
-4.59622924E+00   -2.17595798E+00
-4.52463052E+00   -2.28930510E+00
-4.45033924E+00   -2.39961824E+00
-4.37349800E+00   -2.50684850E+00
-4.29424853E+00   -2.61095422E+00
-4.21273126E+00   -2.71190068E+00
-4.12908504E+00   -2.80965989E+00
-4.04344680E+00   -2.90421030E+00
-3.95595124E+00   -2.99553649E+00
-3.86673067E+00   -3.08362892E+00
-3.77591467E+00   -3.16848361E+00
-3.68362997E+00   -3.25010182E+00
-3.59000026E+00   -3.32848980E+00
-3.49514601E+00   -3.40365841E+00
-3.39918438E+00   -3.47562290E+00
-3.30222909E+00   -3.54440257E+00
-3.20439035E+00   -3.61002048E+00
-3.10577481E+00   -3.67250317E+00
-3.00648547E+00   -3.73188040E+00
-2.90662170E+00   -3.78818487E+00
-2.80627922E+00   -3.84145193E+00
-2.70555006E+00   -3.89171940E+00
-2.60452263E+00   -3.93902726E+00
-2.50328171E+00   -3.98341744E+00
-2.40190851E+00   -4.02493364E+00
-2.30048070E+00   -4.06362106E+00
-2.19907247E+00   -4.09952626E+00
-2.09775461E+00   -4.13269692E+00
-1.99659457E+00   -4.16318171E+00
-1.89565651E+00   -4.19103009E+00
-1.79500142E+00   -4.21629217E+00
-1.69468720E+00   -4.23901858E+00
-1.59476870E+00   -4.25926030E+00
-1.49529788E+00   -4.27706856E+00
-1.39632384E+00   -4.29249471E+00
-1.29789295E+00   -4.30559014E+00
-1.20004895E+00   -4.31640613E+00
-1.10283299E+00   -4.32499380E+00
-1.00628381E+00   -4.33140403E+00
-9.10437735E-01   -4.33568734E+00
-8.15328861E-01   -4.33789389E+00
-7.20989084E-01   -4.33807333E+00
-6.27448219E-01   -4.33627483E+00
-5.34734080E-01   -4.33254698E+00
-4.42872567E-01   -4.32693774E+00
-3.51887759E-01   -4.31949446E+00
-2.61801989E-01   -4.31026375E+00
-1.72635930E-01   -4.29929155E+00
-8.44086715E-02   -4.28662303E+00
2.86220065E-03   -4.27230260E+00
8.91605324E-02   -4.25637389E+00
1.74471528E-01   -4.23887974E+00
2.58781682E-01   -4.21986216E+00
3.42078709E-01   -4.19936236E+00
4.24351483E-01   -4.17742072E+00
5.05589970E-01   -4.15407679E+00
5.85785172E-01   -4.12936929E+00
6.64929069E-01   -4.10333610E+00
7.43014560E-01   -4.07601429E+00
8.20035414E-01   -4.04744009E+00
8.95986217E-01   -4.01764892E+00
9.70862322E-01   -3.98667538E+00
1.04465981E+00   -3.95455327E+00
1.11737542E+00   -3.92131560E+00
1.18900656E+00   -3.88699459E+00
1.25955120E+00   -3.85162167E+00
1.32900788E+00   -3.81522752E+00
1.39737565E+00   -3.77784208E+00
1.46465406E+00   -3.73949452E+00
1.53084308E+00   -3.70021333E+00
1.59594313E+00   -3.66002624E+00
1.65995500E+00   -3.61896030E+00
1.72287983E+00   -3.57704190E+00
1.78471911E+00   -3.53429673E+00
1.84547462E+00   -3.49074984E+00
1.90514843E+00   -3.44642563E+00
1.96374285E+00   -3.40134788E+00
2.02126045E+00   -3.35553978E+00
2.07770398E+00   -3.30902389E+00
2.13307642E+00   -3.26182221E+00
2.18738089E+00   -3.21395618E+00
2.24062070E+00   -3.16544668E+00
2.29279926E+00   -3.11631405E+00
2.34392014E+00   -3.06657813E+00
2.39398700E+00   -3.01625822E+00
2.44300358E+00   -2.96537316E+00
2.49097374E+00   -2.91394129E+00
2.53790138E+00   -2.86198050E+00
2.58379045E+00   -2.80950822E+00
2.62864496E+00   -2.75654145E+00
2.67246894E+00   -2.70309676E+00
2.71526648E+00   -2.64919032E+00
2.75704162E+00   -2.59483788E+00
2.79779847E+00   -2.54005484E+00
2.83754110E+00   -2.48485620E+00
2.87627357E+00   -2.42925660E+00
2.91399995E+00   -2.37327036E+00
2.95072424E+00   -2.31691143E+00
2.98645046E+00   -2.26019345E+00
3.02118254E+00   -2.20312976E+00
3.05492442E+00   -2.14573338E+00
3.08767994E+00   -2.08801704E+00
3.11945293E+00   -2.02999321E+00
3.15024713E+00   -1.97167406E+00
3.18006623E+00   -1.91307153E+00
3.20891387E+00   -1.85419729E+00
3.23679359E+00   -1.79506278E+00
3.26370888E+00   -1.73567923E+00
3.28966315E+00   -1.67605760E+00
3.31465970E+00   -1.61620870E+00
3.33870180E+00   -1.55614310E+00
3.36179260E+00   -1.49587119E+00
3.38393516E+00   -1.43540318E+00
3.40513248E+00   -1.37474910E+00
3.42538743E+00   -1.31391882E+00
3.44470283E+00   -1.25292205E+00
3.46308138E+00   -1.19176836E+00
3.48052569E+00   -1.13046716E+00
3.49703826E+00   -1.06902775E+00
3.51262152E+00   -1.00745929E+00
3.52727778E+00   -9.45770837E-01
3.54100926E+00   -8.83971323E-01
3.55381808E+00   -8.22069589E-01
3.56570625E+00   -7.60074381E-01
3.57667569E+00   -6.97994356E-01
3.58672822E+00   -6.35838092E-01
3.59586555E+00   -5.73614097E-01
3.60408930E+00   -5.11330810E-01
3.61140098E+00   -4.48996615E-01
3.61780199E+00   -3.86619843E-01
3.62329366E+00   -3.24208781E-01
3.62787719E+00   -2.61771677E-01
3.63155369E+00   -1.99316750E-01
3.63432418E+00   -1.36852192E-01
3.63618958E+00   -7.43861781E-02
3.63715069E+00   -1.19268732E-02
3.63720825E+00    5.05175646E-02
3.63636288E+00    1.12938975E-01
3.63461511E+00    1.75329190E-01
3.63196538E+00    2.37680027E-01
3.62841404E+00    2.99983283E-01
3.62396135E+00    3.62230730E-01
3.61860748E+00    4.24414104E-01
3.61235251E+00    4.86525105E-01
3.60519643E+00    5.48555384E-01
3.59713917E+00    6.10496543E-01
3.58818055E+00    6.72340125E-01
3.57832034E+00    7.34077609E-01
3.56755820E+00    7.95700404E-01
3.55589375E+00    8.57199842E-01
3.54332652E+00    9.18567174E-01
3.52985596E+00    9.79793560E-01
3.51548148E+00    1.04087007E+00
3.50020241E+00    1.10178766E+00
3.48401802E+00    1.16253720E+00
3.46692753E+00    1.22310942E+00
3.44893010E+00    1.28349496E+00
3.43002484E+00    1.34368431E+00
3.41021082E+00    1.40366784E+00
3.38948707E+00    1.46343578E+00
3.36785256E+00    1.52297822E+00
3.34530624E+00    1.58228508E+00
3.32184705E+00    1.64134614E+00
3.29747387E+00    1.70015103E+00
3.27218558E+00    1.75868918E+00
3.24598104E+00    1.81694986E+00
3.21885910E+00    1.87492216E+00
3.19081860E+00    1.93259499E+00
3.16185841E+00    1.98995704E+00
3.13197737E+00    2.04699683E+00
3.10117435E+00    2.10370264E+00
3.06944824E+00    2.16006258E+00
3.03679797E+00    2.21606451E+00
3.00322248E+00    2.27169606E+00
2.96872077E+00    2.32694466E+00
2.93329189E+00    2.38179748E+00
2.89693495E+00    2.43624145E+00
2.85964910E+00    2.49026326E+00
2.82143360E+00    2.54384934E+00
2.78228777E+00    2.59698585E+00
2.74221105E+00    2.64965871E+00
2.70120295E+00    2.70185354E+00
2.65926313E+00    2.75355571E+00
2.61639135E+00    2.80475029E+00
2.57258751E+00    2.85542207E+00
2.52785166E+00    2.90555554E+00
2.48218402E+00    2.95513492E+00
2.43558497E+00    3.00414408E+00
2.38805507E+00    3.05256665E+00
2.33959509E+00    3.10038589E+00
2.29020601E+00    3.14758478E+00
2.23988903E+00    3.19414599E+00
2.18864560E+00    3.24005184E+00
2.13647742E+00    3.28528436E+00
2.08338646E+00    3.32982523E+00
2.02937498E+00    3.37365583E+00
1.97444556E+00    3.41675718E+00
1.91860107E+00    3.45910999E+00
1.86184475E+00    3.50069465E+00
1.80418018E+00    3.54149120E+00
1.74561134E+00    3.58147935E+00
1.68614258E+00    3.62063851E+00
1.62577869E+00    3.65894773E+00
1.56452488E+00    3.69638576E+00
1.50238682E+00    3.73293101E+00
1.43937069E+00    3.76856160E+00
1.37548312E+00    3.80325531E+00
1.31073132E+00    3.83698962E+00
1.24512300E+00    3.86974174E+00
1.17866647E+00    3.90148855E+00
1.11137062E+00    3.93220666E+00
1.04324498E+00    3.96187243E+00
9.74299694E-01    3.99046193E+00
9.04545600E-01    4.01795098E+00
8.33994217E-01    4.04431519E+00
7.62657786E-01    4.06952992E+00
6.90549294E-01    4.09357035E+00
6.17682499E-01    4.11641146E+00
5.44071954E-01    4.13802805E+00
4.69733037E-01    4.15839479E+00
3.94681974E-01    4.17748622E+00
3.18935866E-01    4.19527679E+00
2.42512714E-01    4.21174084E+00
1.65431447E-01    4.22685270E+00
8.77119406E-02    4.24058666E+00
9.37505028E-03    4.25291702E+00
-6.95573710E-02    4.26381814E+00
-1.49062447E-01    4.27326445E+00
-2.29116255E-01    4.28123050E+00
-3.09693807E-01    4.28769098E+00
-3.90769024E-01    4.29262081E+00
-4.72314722E-01    4.29599512E+00
-5.54302590E-01    4.29778933E+00
-6.36703176E-01    4.29797920E+00
-7.19485868E-01    4.29654086E+00
-8.02618886E-01    4.29345090E+00
-8.86069265E-01    4.28868635E+00
-9.69802851E-01    4.28222482E+00
-1.05378429E+00    4.27404450E+00
-1.13797702E+00    4.26412422E+00
-1.22234329E+00    4.25244357E+00
-1.30684413E+00    4.23898287E+00
-1.39143937E+00    4.22372331E+00
-1.47608766E+00    4.20664700E+00
-1.56074645E+00    4.18773698E+00
-1.64537203E+00    4.16697738E+00
-1.72991953E+00    4.14435340E+00
-1.81434298E+00    4.11985146E+00
-1.89859527E+00    4.09345920E+00
-1.98262823E+00    4.06516559E+00
-2.06639265E+00    4.03496099E+00
-2.14983832E+00    4.00283722E+00
-2.23291407E+00    3.96878764E+00
-2.31556781E+00    3.93280719E+00
-2.39774659E+00    3.89489251E+00
-2.47939667E+00    3.85504194E+00
-2.56046356E+00    3.81325565E+00
-2.64089210E+00    3.76953564E+00
-2.72062652E+00    3.72388588E+00
-2.79961053E+00    3.67631228E+00
-2.87778738E+00    3.62682280E+00
-2.95509997E+00    3.57542750E+00
-3.03149094E+00    3.52213857E+00
-3.10690273E+00    3.46697037E+00
-3.18127770E+00    3.40993948E+00
-3.25455825E+00    3.35106475E+00
-3.32668690E+00    3.29036728E+00
-3.39760639E+00    3.22787049E+00
-3.46725984E+00    3.16360013E+00
-3.53559080E+00    3.09758426E+00
-3.60254341E+00    3.02985327E+00
-3.66806252E+00    2.96043991E+00
-3.73209378E+00    2.88937922E+00
-3.79458378E+00    2.81670856E+00
-3.85548017E+00    2.74246756E+00
-3.91473178E+00    2.66669810E+00
-3.97228872E+00    2.58944428E+00
-4.02810255E+00    2.51075232E+00
-4.08212633E+00    2.43067060E+00
-4.13431479E+00    2.34924949E+00
-4.18462441E+00    2.26654135E+00
-4.23301354E+00    2.18260046E+00
-4.27944249E+00    2.09748286E+00
-4.32387366E+00    2.01124635E+00
-4.36627161E+00    1.92395033E+00
-4.40660314E+00    1.83565571E+00
-4.44483740E+00    1.74642483E+00
-4.48094595E+00    1.65632130E+00
-4.51490282E+00    1.56540990E+00
-4.54668461E+00    1.47375646E+00
-4.57627049E+00    1.38142773E+00
-4.60364229E+00    1.28849125E+00
-4.62878450E+00    1.19501519E+00
-4.65168436E+00    1.10106824E+00
-4.67233179E+00    1.00671948E+00
-4.69071951E+00    9.12038204E-01
-4.70684295E+00    8.17093807E-01
-4.72070029E+00    7.21955642E-01
-4.73229245E+00    6.26692877E-01
-4.74162306E+00    5.31374362E-01
-4.74869842E+00    4.36068489E-01
-4.75352747E+00    3.40843067E-01
-4.75612176E+00    2.45765186E-01
-4.75649537E+00    1.50901101E-01
-4.75466486E+00    5.63161040E-02
-4.75064921E+00   -3.79255886E-02
-4.74446975E+00   -1.31760945E-01
-4.73615005E+00   -2.25128226E-01
-4.72571589E+00   -3.17967080E-01
-4.71319512E+00   -4.10218638E-01
-4.69861758E+00   -5.01825599E-01
-4.68201503E+00   -5.92732312E-01
-4.66342101E+00   -6.82884841E-01
-4.64287077E+00   -7.72231041E-01
-4.62040113E+00   -8.60720608E-01
-4.59605040E+00   -9.48305135E-01
-4.56985828E+00   -1.03493815E+00
-4.54186570E+00   -1.12057518E+00
-4.51211478E+00   -1.20517373E+00
-4.48064864E+00   -1.28869335E+00
-4.44751139E+00   -1.37109565E+00
-4.41274792E+00   -1.45234430E+00
-4.37640387E+00   -1.53240501E+00
-4.33852548E+00   -1.61124557E+00
-4.29915953E+00   -1.68883585E+00
-4.25835317E+00   -1.76514772E+00
-4.21615392E+00   -1.84015512E+00
-4.17260948E+00   -1.91383396E+00
-4.12776772E+00   -1.98616215E+00
-4.08167654E+00   -2.05711954E+00
-4.03438379E+00   -2.12668789E+00
-3.98593721E+00   -2.19485083E+00
-3.93638437E+00   -2.26159384E+00
-3.88577254E+00   -2.32690417E+00
-3.83414868E+00   -2.39077081E+00
-3.78155933E+00   -2.45318446E+00
-3.72805060E+00   -2.51413743E+00
-3.67366805E+00   -2.57362365E+00
-3.61845671E+00   -2.63163856E+00
-3.56246096E+00   -2.68817908E+00
-3.50572456E+00   -2.74324356E+00
-3.44829054E+00   -2.79683170E+00
-3.39020119E+00   -2.84894453E+00
-3.33149806E+00   -2.89958431E+00
-3.27222189E+00   -2.94875449E+00
-3.21241257E+00   -2.99645966E+00
-3.15210918E+00   -3.04270550E+00
-3.09134991E+00   -3.08749870E+00
-3.03017207E+00   -3.13084692E+00
-2.96861207E+00   -3.17275872E+00
-2.90670542E+00   -3.21324353E+00
-2.84448671E+00   -3.25231158E+00
-2.78198961E+00   -3.28997387E+00
-2.71924684E+00   -3.32624209E+00
-2.65629023E+00   -3.36112858E+00
-2.59315065E+00   -3.39464629E+00
-2.52985807E+00   -3.42680874E+00
-2.46644152E+00   -3.45762997E+00
-2.40292912E+00   -3.48712448E+00
-2.33934810E+00   -3.51530722E+00
-2.27572477E+00   -3.54219350E+00
-2.21208456E+00   -3.56779903E+00
-2.14845202E+00   -3.59213980E+00
-2.08485085E+00   -3.61523210E+00
-2.02130387E+00   -3.63709247E+00
-1.95783309E+00   -3.65773764E+00
-1.89445969E+00   -3.67718456E+00
-1.83120404E+00   -3.69545031E+00
-1.76808571E+00   -3.71255212E+00
-1.70512352E+00   -3.72850730E+00
-1.64233551E+00   -3.74333325E+00
-1.57973898E+00   -3.75704741E+00
-1.51735053E+00   -3.76966727E+00
-1.45518603E+00   -3.78121031E+00
-1.39326068E+00   -3.79169401E+00
-1.33158899E+00   -3.80113582E+00
-1.27018486E+00   -3.80955314E+00
-1.20906151E+00   -3.81696332E+00
-1.14823157E+00   -3.82338361E+00
-1.08770707E+00   -3.82883118E+00
-1.02749946E+00   -3.83332311E+00
-9.67619628E-01   -3.83687633E+00
-9.08077922E-01   -3.83950767E+00
-8.48884159E-01   -3.84123381E+00
-7.90047647E-01   -3.84207127E+00
-7.31577201E-01   -3.84203643E+00
-6.73481161E-01   -3.84114551E+00
-6.15767408E-01   -3.83941453E+00
-5.58443377E-01   -3.83685936E+00
-5.01516075E-01   -3.83349566E+00
-4.44992098E-01   -3.82933893E+00
-3.88877641E-01   -3.82440444E+00
-3.33178519E-01   -3.81870728E+00
-2.77900175E-01   -3.81226234E+00
-2.23047700E-01   -3.80508431E+00
-1.68625842E-01   -3.79718764E+00
-1.14639021E-01   -3.78858661E+00
-6.10913439E-02   -3.77929526E+00
-7.98661251E-03   -3.76932742E+00
4.46716597E-02   -3.75869672E+00
9.68802379E-02   -3.74741656E+00
1.48636154E-01   -3.73550012E+00
1.99936695E-01   -3.72296039E+00
2.50779392E-01   -3.70981011E+00
3.01162012E-01   -3.69606184E+00
3.51082544E-01   -3.68172789E+00
4.00539190E-01   -3.66682039E+00
4.49530359E-01   -3.65135123E+00
4.98054652E-01   -3.63533210E+00
5.46110858E-01   -3.61877448E+00
5.93697941E-01   -3.60168965E+00
6.40815038E-01   -3.58408868E+00
6.87461442E-01   -3.56598242E+00
7.33636601E-01   -3.54738153E+00
7.79340110E-01   -3.52829648E+00
8.24571700E-01   -3.50873752E+00
8.69331233E-01   -3.48871473E+00
9.13618696E-01   -3.46823798E+00
9.57434195E-01   -3.44731695E+00
1.00077795E+00   -3.42596113E+00
1.04365027E+00   -3.40417984E+00
1.08605159E+00   -3.38198221E+00
1.12798242E+00   -3.35937717E+00
1.16944336E+00   -3.33637351E+00
1.21043510E+00   -3.31297982E+00
1.25095842E+00   -3.28920452E+00
1.29101413E+00   -3.26505587E+00
1.33060317E+00   -3.24054195E+00
1.36972649E+00   -3.21567070E+00
1.40838513E+00   -3.19044988E+00
1.44658019E+00   -3.16488711E+00
1.48431279E+00   -3.13898983E+00
1.52158414E+00   -3.11276534E+00
1.55839546E+00   -3.08622081E+00
1.59474804E+00   -3.05936324E+00
1.63064319E+00   -3.03219949E+00
1.66608225E+00   -3.00473629E+00
1.70106662E+00   -2.97698022E+00
1.73559769E+00   -2.94893774E+00
1.76967690E+00   -2.92061517E+00
1.80330572E+00   -2.89201869E+00
1.83648562E+00   -2.86315436E+00
1.86921811E+00   -2.83402813E+00
1.90150469E+00   -2.80464581E+00
1.93334690E+00   -2.77501309E+00
1.96474627E+00   -2.74513557E+00
1.99570435E+00   -2.71501870E+00
2.02622270E+00   -2.68466784E+00
2.05630288E+00   -2.65408823E+00
2.08594646E+00   -2.62328502E+00
2.11515501E+00   -2.59226324E+00
2.14393008E+00   -2.56102782E+00
2.17227325E+00   -2.52958360E+00
2.20018609E+00   -2.49793531E+00
2.22767015E+00   -2.46608759E+00
2.25472698E+00   -2.43404500E+00
2.28135813E+00   -2.40181198E+00
2.30756515E+00   -2.36939291E+00
2.33334956E+00   -2.33679208E+00
2.35871288E+00   -2.30401367E+00
2.38365662E+00   -2.27106181E+00
2.40818227E+00   -2.23794053E+00
2.43229132E+00   -2.20465378E+00
2.45598523E+00   -2.17120546E+00
2.47926545E+00   -2.13759937E+00
2.50213342E+00   -2.10383924E+00
2.52459055E+00   -2.06992873E+00
2.54663825E+00   -2.03587145E+00
2.56827790E+00   -2.00167092E+00
2.58951086E+00   -1.96733061E+00
2.61033847E+00   -1.93285391E+00
2.63076205E+00   -1.89824417E+00
2.65078291E+00   -1.86350465E+00
2.67040233E+00   -1.82863859E+00
2.68962155E+00   -1.79364915E+00
2.70844182E+00   -1.75853943E+00
2.72686434E+00   -1.72331250E+00
2.74489030E+00   -1.68797134E+00
2.76252086E+00   -1.65251892E+00
2.77975717E+00   -1.61695815E+00
2.79660033E+00   -1.58129187E+00
2.81305144E+00   -1.54552289E+00
2.82911155E+00   -1.50965400E+00
2.84478170E+00   -1.47368790E+00
2.86006290E+00   -1.43762728E+00
2.87495613E+00   -1.40147478E+00
2.88946236E+00   -1.36523300E+00
2.90358250E+00   -1.32890452E+00
2.91731747E+00   -1.29249185E+00
2.93066813E+00   -1.25599749E+00
2.94363534E+00   -1.21942391E+00
2.95621991E+00   -1.18277352E+00
2.96842263E+00   -1.14604874E+00
2.98024427E+00   -1.10925191E+00
2.99168556E+00   -1.07238539E+00
3.00274720E+00   -1.03545149E+00
3.01342988E+00   -9.98452480E-01
3.02373423E+00   -9.61390630E-01
3.03366088E+00   -9.24268174E-01
3.04321042E+00   -8.87087325E-01
3.05238341E+00   -8.49850274E-01
3.06118038E+00   -8.12559192E-01
3.06960183E+00   -7.75216231E-01
3.07764823E+00   -7.37823524E-01
3.08532004E+00   -7.00383188E-01
3.09261765E+00   -6.62897323E-01
3.09954146E+00   -6.25368013E-01
3.10609182E+00   -5.87797331E-01
3.11226906E+00   -5.50187334E-01
3.11807347E+00   -5.12540069E-01
3.12350531E+00   -4.74857573E-01
3.12856483E+00   -4.37141870E-01
3.13325223E+00   -3.99394979E-01
3.13756769E+00   -3.61618910E-01
3.14151135E+00   -3.23815666E-01
3.14508333E+00   -2.85987245E-01
3.14828373E+00   -2.48135639E-01
3.15111260E+00   -2.10262838E-01
3.15356996E+00   -1.72370829E-01
3.15565583E+00   -1.34461599E-01
3.15737017E+00   -9.65371303E-02
3.15871291E+00   -5.85994100E-02
3.15968398E+00   -2.06504246E-02
3.16028326E+00    1.73078366E-02
3.16051060E+00    5.52733808E-02
3.16036583E+00    9.32442107E-02
3.15984874E+00    1.31218324E-01
3.15895909E+00    1.69193710E-01
3.15769664E+00    2.07168354E-01
3.15606108E+00    2.45140229E-01
3.15405210E+00    2.83107301E-01
3.15166936E+00    3.21067525E-01
3.14891247E+00    3.59018843E-01
3.14578104E+00    3.96959188E-01
3.14227463E+00    4.34886474E-01
3.13839279E+00    4.72798607E-01
3.13413503E+00    5.10693471E-01
3.12950084E+00    5.48568937E-01
3.12448967E+00    5.86422858E-01
3.11910096E+00    6.24253067E-01
3.11333412E+00    6.62057379E-01
3.10718852E+00    6.99833587E-01
3.10066352E+00    7.37579460E-01
3.09375844E+00    7.75292749E-01
3.08647259E+00    8.12971175E-01
3.07880524E+00    8.50612440E-01
3.07075565E+00    8.88214214E-01
3.06232303E+00    9.25774143E-01
3.05350659E+00    9.63289844E-01
3.04430551E+00    1.00075890E+00
3.03471894E+00    1.03817888E+00
3.02474601E+00    1.07554729E+00
3.01438583E+00    1.11286163E+00
3.00363747E+00    1.15011936E+00
2.99250000E+00    1.18731790E+00
2.98097247E+00    1.22445463E+00
2.96905388E+00    1.26152690E+00
2.95674323E+00    1.29853202E+00
2.94403950E+00    1.33546725E+00
2.93094165E+00    1.37232983E+00
2.91744860E+00    1.40911692E+00
2.90355929E+00    1.44582569E+00
2.88927260E+00    1.48245321E+00
2.87458743E+00    1.51899653E+00
2.85950262E+00    1.55545267E+00
2.84401704E+00    1.59181855E+00
2.82812951E+00    1.62809109E+00
2.81183884E+00    1.66426713E+00
2.79514385E+00    1.70034347E+00
2.77804331E+00    1.73631684E+00
2.76053602E+00    1.77218394E+00
2.74262071E+00    1.80794138E+00
2.72429617E+00    1.84358573E+00
2.70556111E+00    1.87911351E+00
2.68641428E+00    1.91452115E+00
2.66685441E+00    1.94980504E+00
2.64688020E+00    1.98496150E+00
2.62649038E+00    2.01998678E+00
2.60568365E+00    2.05487706E+00
2.58445871E+00    2.08962846E+00
2.56281426E+00    2.12423702E+00
2.54074900E+00    2.15869872E+00
2.51826163E+00    2.19300945E+00
2.49535085E+00    2.22716504E+00
2.47201537E+00    2.26116124E+00
2.44825388E+00    2.29499370E+00
2.42406510E+00    2.32865803E+00
2.39944776E+00    2.36214973E+00
2.37440058E+00    2.39546423E+00
2.34892229E+00    2.42859686E+00
2.32301166E+00    2.46154287E+00
2.29666744E+00    2.49429744E+00
2.26988842E+00    2.52685564E+00
2.24267339E+00    2.55921245E+00
2.21502118E+00    2.59136277E+00
2.18693063E+00    2.62330140E+00
2.15840061E+00    2.65502304E+00
2.12943000E+00    2.68652229E+00
2.10001773E+00    2.71779367E+00
2.07016274E+00    2.74883157E+00
2.03986404E+00    2.77963031E+00
2.00912064E+00    2.81018408E+00
1.97793160E+00    2.84048698E+00
1.94629603E+00    2.87053299E+00
1.91421308E+00    2.90031601E+00
1.88168195E+00    2.92982979E+00
1.84870187E+00    2.95906801E+00
1.81527217E+00    2.98802420E+00
1.78139219E+00    3.01669181E+00
1.74706135E+00    3.04506415E+00
1.71227915E+00    3.07313442E+00
1.67704512E+00    3.10089572E+00
1.64135891E+00    3.12834100E+00
1.60522020E+00    3.15546311E+00
1.56862879E+00    3.18225478E+00
1.53158452E+00    3.20870862E+00
1.49408735E+00    3.23481709E+00
1.45613732E+00    3.26057257E+00
1.41773457E+00    3.28596727E+00
1.37887935E+00    3.31099331E+00
1.33957199E+00    3.33564267E+00
1.29981296E+00    3.35990720E+00
1.25960282E+00    3.38377862E+00
1.21894227E+00    3.40724855E+00
1.17783212E+00    3.43030844E+00
1.13627334E+00    3.45294965E+00
1.09426699E+00    3.47516338E+00
1.05181431E+00    3.49694073E+00
1.00891668E+00    3.51827266E+00
9.65575629E-01    3.53915001E+00
9.21792846E-01    3.55956349E+00
8.77570189E-01    3.57950367E+00
8.32909688E-01    3.59896102E+00
7.87813552E-01    3.61792588E+00
7.42284174E-01    3.63638847E+00
6.96324142E-01    3.65433887E+00
6.49936240E-01    3.67176706E+00
6.03123460E-01    3.68866291E+00
5.55889007E-01    3.70501617E+00
5.08236306E-01    3.72081646E+00
4.60169008E-01    3.73605333E+00
4.11691000E-01    3.75071618E+00
3.62806413E-01    3.76479434E+00
3.13519625E-01    3.77827704E+00
2.63835272E-01    3.79115340E+00
2.13758258E-01    3.80341245E+00
1.63293756E-01    3.81504315E+00
1.12447223E-01    3.82603437E+00
6.12244031E-02    3.83637491E+00
9.63133754E-03    3.84605350E+00
-4.23256279E-02    3.85505879E+00
-9.46398351E-02    3.86337940E+00
-1.47304305E-01    3.87100388E+00
-2.00311731E-01    3.87792074E+00
-2.53654469E-01    3.88411847E+00
-3.07324532E-01    3.88958552E+00
-3.61313581E-01    3.89431032E+00
-4.15612916E-01    3.89828129E+00
-4.70213473E-01    3.90148687E+00
-5.25105810E-01    3.90391549E+00
-5.80280105E-01    3.90555561E+00
-6.35726148E-01    3.90639571E+00
-6.91433332E-01    3.90642433E+00
-7.47390648E-01    3.90563007E+00
-8.03586678E-01    3.90400156E+00
-8.60009589E-01    3.90152757E+00
-9.16647128E-01    3.89819690E+00
-9.73486616E-01    3.89399852E+00
-1.03051494E+00    3.88892149E+00
-1.08771856E+00    3.88295500E+00
-1.14508348E+00    3.87608842E+00
-1.20259528E+00    3.86831128E+00
-1.26023907E+00    3.85961328E+00
-1.31799953E+00    3.84998436E+00
-1.37586089E+00    3.83941466E+00
-1.43380690E+00    3.82789455E+00
-1.49182088E+00    3.81541468E+00
-1.54988568E+00    3.80196596E+00
-1.60798372E+00    3.78753961E+00
-1.66609695E+00    3.77212716E+00
-1.72420686E+00    3.75572048E+00
-1.78229452E+00    3.73831179E+00
-1.84034052E+00    3.71989371E+00
-1.89832505E+00    3.70045922E+00
-1.95622784E+00    3.68000175E+00
-2.01402821E+00    3.65851517E+00
-2.07170504E+00    3.63599381E+00
-2.12923682E+00    3.61243247E+00
-2.18660165E+00    3.58782649E+00
-2.24377720E+00    3.56217170E+00
-2.30074080E+00    3.53546451E+00
-2.35746940E+00    3.50770190E+00
-2.41393962E+00    3.47888142E+00
-2.47012771E+00    3.44900126E+00
-2.52600963E+00    3.41806024E+00
-2.58156104E+00    3.38605782E+00
-2.63675731E+00    3.35299416E+00
-2.69157356E+00    3.31887010E+00
-2.74598466E+00    3.28368720E+00
-2.79996528E+00    3.24744777E+00
-2.85348990E+00    3.21015483E+00
-2.90653281E+00    3.17181220E+00
-2.95906819E+00    3.13242449E+00
-3.01107009E+00    3.09199708E+00
-3.06251249E+00    3.05053619E+00
-3.11336929E+00    3.00804884E+00
-3.16361441E+00    2.96454291E+00
-3.21322175E+00    2.92002711E+00
-3.26216525E+00    2.87451102E+00
-3.31041894E+00    2.82800507E+00
-3.35795694E+00    2.78052057E+00
-3.40475355E+00    2.73206969E+00
-3.45078320E+00    2.68266550E+00
-3.49602057E+00    2.63232192E+00
-3.54044059E+00    2.58105377E+00
-3.58401847E+00    2.52887673E+00
-3.62672975E+00    2.47580736E+00
-3.66855033E+00    2.42186307E+00
-3.70945651E+00    2.36706214E+00
-3.74942505E+00    2.31142369E+00
-3.78843315E+00    2.25496768E+00
-3.82645855E+00    2.19771489E+00
-3.86347954E+00    2.13968689E+00
-3.89947497E+00    2.08090605E+00
-3.93442434E+00    2.02139550E+00
-3.96830779E+00    1.96117913E+00
-4.00110614E+00    1.90028155E+00
-4.03280096E+00    1.83872804E+00
-4.06337455E+00    1.77654457E+00
-4.09281000E+00    1.71375777E+00
-4.12109121E+00    1.65039485E+00
-4.14820294E+00    1.58648360E+00
-4.17413079E+00    1.52205238E+00
-4.19886128E+00    1.45713004E+00
-4.22238182E+00    1.39174591E+00
-4.24468076E+00    1.32592975E+00
-4.26574742E+00    1.25971173E+00
-4.28557209E+00    1.19312236E+00
-4.30414604E+00    1.12619248E+00
-4.32146153E+00    1.05895322E+00
-4.33751186E+00    9.91435901E-01
-4.35229133E+00    9.23672077E-01
-4.36579528E+00    8.55693430E-01
-4.37802007E+00    7.87531752E-01
-4.38896312E+00    7.19218894E-01
-4.39862284E+00    6.50786728E-01
-4.40699873E+00    5.82267099E-01
-4.41409127E+00    5.13691784E-01
-4.41990199E+00    4.45092451E-01
-4.42443344E+00    3.76500614E-01
-4.42768914E+00    3.07947592E-01
-4.42967365E+00    2.39464471E-01
-4.43039246E+00    1.71082061E-01
-4.42985205E+00    1.02830860E-01
-4.42805984E+00    3.47410117E-02
-4.42502416E+00   -3.31577243E-02
-4.42075424E+00   -1.00836013E-01
-4.41526022E+00   -1.68264977E-01
-4.40855304E+00   -2.35416226E-01
-4.40064452E+00   -3.02261893E-01
-4.39154724E+00   -3.68774657E-01
-4.38127458E+00   -4.34927776E-01
