                 x                 y
0.00000000E+00    0.00000000E+00
1.18532307E-06    0.00000000E+00
2.36366141E-06    7.40371817E-08
3.53043173E-06    2.21238996E-07
4.68107998E-06    4.40438345E-07
5.81110537E-06    7.30164780E-07
6.91608684E-06    1.08863862E-06
7.99171150E-06    1.51376846E-06
9.03380454E-06    2.00315236E-06
1.00383601E-05    2.55408312E-06
1.10015725E-05    3.16355785E-06
1.19198667E-05    3.82829183E-06
1.27899283E-05    4.54473677E-06
1.36087312E-05    5.30910334E-06
1.43735629E-05    6.11738762E-06
1.50820470E-05    6.96540120E-06
1.57321611E-05    7.84880433E-06
1.63222517E-05    8.76314165E-06
1.68510431E-05    9.70387963E-06
1.73176429E-05    1.06664453E-05
1.77215415E-05    1.16462649E-05
1.80626069E-05    1.26388028E-05
1.83410749E-05    1.36395984E-05
1.85575349E-05    1.46443015E-05
1.87129111E-05    1.56487055E-05
1.88084407E-05    1.66487765E-05
1.88456486E-05    1.76406803E-05
1.88263198E-05    1.86208041E-05
1.87524704E-05    1.95857755E-05
1.86263172E-05    2.05324760E-05
1.84502461E-05    2.14580522E-05
1.82267823E-05    2.23599208E-05
1.79585592E-05    2.32357721E-05
1.76482899E-05    2.40835682E-05
1.72987391E-05    2.49015391E-05
1.69126977E-05    2.56881760E-05
1.64929588E-05    2.64422211E-05
1.60422962E-05    2.71626573E-05
1.55634451E-05    2.78486944E-05
1.50590858E-05    2.84997554E-05
1.45318285E-05    2.91154616E-05
1.39842015E-05    2.96956166E-05
1.34186413E-05    3.02401911E-05
1.28374845E-05    3.07493070E-05
1.22429619E-05    3.12232219E-05
1.16371940E-05    3.16623139E-05
1.10221888E-05    3.20670677E-05
1.03998399E-05    3.24380605E-05
9.77192700E-06    3.27759491E-05
9.14011658E-06    3.30814577E-05
8.50596382E-06    3.33553670E-05
7.87091530E-06    3.35985036E-05
7.23631223E-06    3.38117307E-05
6.60339416E-06    3.39959394E-05
5.97330310E-06    3.41520412E-05
5.34708790E-06    3.42809606E-05
4.72570876E-06    3.43836299E-05
4.11004195E-06    3.44609828E-05
3.50088447E-06    3.45139503E-05
2.89895877E-06    3.45434564E-05
2.30491739E-06    3.45504145E-05
1.71934746E-06    3.45357246E-05
1.14277516E-06    3.45002705E-05
5.75669951E-07    3.44449181E-05
1.84487149E-08    3.43705133E-05
-5.28520356E-07    3.42778809E-05
-1.06491401E-06    3.41678235E-05
-1.59045039E-06    3.40411207E-05
-2.10488568E-06    3.38985286E-05
-2.60801096E-06    3.37407794E-05
-3.09964924E-06    3.35685814E-05
-3.57965266E-06    3.33826190E-05
-4.04789991E-06    3.31835527E-05
-4.50429380E-06    3.29720195E-05
-4.94875899E-06    3.27486331E-05
-5.38123993E-06    3.25139848E-05
-5.80169890E-06    3.22686435E-05
-6.21011417E-06    3.20131564E-05
-6.60647843E-06    3.17480497E-05
-6.99079716E-06    3.14738294E-05
-7.36308728E-06    3.11909816E-05
-7.72337583E-06    3.08999734E-05
-8.07169879E-06    3.06012536E-05
-8.40809995E-06    3.02952534E-05
-8.73262995E-06    2.99823869E-05
-9.04534537E-06    2.96630523E-05
-9.34630784E-06    2.93376320E-05
-9.63558332E-06    2.90064936E-05
-9.91324141E-06    2.86699906E-05
-1.01793547E-05    2.83284630E-05
-1.04339982E-05    2.79822380E-05
-1.06772487E-05    2.76316304E-05
-1.09091848E-05    2.72769436E-05
-1.11298858E-05    2.69184700E-05
-1.13394316E-05    2.65564913E-05
-1.15379026E-05    2.61912799E-05
-1.17253792E-05    2.58230983E-05
-1.19019413E-05    2.54522007E-05
-1.20676687E-05    2.50788329E-05
-1.22226400E-05    2.47032330E-05
-1.23669334E-05    2.43256317E-05
-1.25006256E-05    2.39462532E-05
-1.26237924E-05    2.35653149E-05
-1.27365082E-05    2.31830289E-05
-1.28388460E-05    2.27996013E-05
-1.29308775E-05    2.24152334E-05
-1.30126725E-05    2.20301218E-05
-1.30842997E-05    2.16444586E-05
-1.31458258E-05    2.12584324E-05
-1.31973160E-05    2.08722277E-05
-1.32388340E-05    2.04860261E-05
-1.32704418E-05    2.01000062E-05
-1.32921998E-05    1.97143442E-05
-1.33041668E-05    1.93292136E-05
-1.33064003E-05    1.89447865E-05
-1.32989561E-05    1.85612328E-05
-1.32818887E-05    1.81787213E-05
-1.32552513E-05    1.77974198E-05
-1.32190959E-05    1.74174948E-05
-1.31734733E-05    1.70391127E-05
-1.31184331E-05    1.66624393E-05
-1.30540244E-05    1.62876402E-05
-1.29802949E-05    1.59148813E-05
-1.28972922E-05    1.55443289E-05
-1.28050628E-05    1.51761498E-05
-1.27036533E-05    1.48105115E-05
-1.25931097E-05    1.44475825E-05
-1.24734781E-05    1.40875327E-05
-1.23448044E-05    1.37305331E-05
-1.22071352E-05    1.33767564E-05
-1.20605172E-05    1.30263771E-05
-1.19049979E-05    1.26795715E-05
-1.17406256E-05    1.23365178E-05
-1.15674498E-05    1.19973968E-05
-1.13855212E-05    1.16623914E-05
-1.11948922E-05    1.13316869E-05
-1.09956170E-05    1.10054713E-05
-1.07877516E-05    1.06839355E-05
-1.05713547E-05    1.03672728E-05
-1.03464874E-05    1.00556799E-05
-1.01132140E-05    9.74935604E-06
-9.87160181E-06    9.44850376E-06
-9.62172171E-06    9.15332863E-06
-9.36364857E-06    8.86403932E-06
-9.09746144E-06    8.58084769E-06
-8.82324395E-06    8.30396872E-06
-8.54108469E-06    8.03362054E-06
-8.25107757E-06    7.77002437E-06
-7.95332218E-06    7.51340447E-06
-7.64792422E-06    7.26398806E-06
-7.33499589E-06    7.02200522E-06
-7.01465629E-06    6.78768877E-06
-6.68703184E-06    6.56127409E-06
-6.35225672E-06    6.34299899E-06
-6.01047327E-06    6.13310343E-06
-5.66183247E-06    5.93182934E-06
-5.30649432E-06    5.73942034E-06
-4.94462831E-06    5.55612137E-06
-4.57641386E-06    5.38217844E-06
-4.20204072E-06    5.21783817E-06
-3.82170945E-06    5.06334742E-06
-3.43563176E-06    4.91895282E-06
-3.04403102E-06    4.78490026E-06
-2.64714255E-06    4.66143436E-06
-2.24521408E-06    4.54879789E-06
-1.83850606E-06    4.44723111E-06
-1.42729198E-06    4.35697117E-06
-1.01185875E-06    4.27825131E-06
-5.92506864E-07    4.21130015E-06
-1.69550729E-07    4.15634089E-06
2.56681200E-07    4.11359043E-06
6.85846250E-07    4.08325852E-06
1.11758744E-06    4.06554678E-06
1.55153344E-06    4.06064779E-06
1.98729859E-06    4.06874406E-06
2.42448300E-06    4.09000700E-06
2.86267267E-06    4.12459585E-06
3.30143980E-06    4.17265659E-06
3.74034300E-06    4.23432085E-06
4.17892780E-06    4.30970480E-06
4.61672703E-06    4.39890799E-06
5.05326151E-06    4.50201224E-06
5.48804064E-06    4.61908053E-06
5.92056322E-06    4.75015590E-06
6.35031830E-06    4.89526034E-06
6.77678620E-06    5.05439380E-06
7.19943954E-06    5.22753311E-06
7.61774446E-06    5.41463113E-06
8.03116188E-06    5.61561577E-06
8.43914886E-06    5.83038925E-06
8.84116013E-06    6.05882733E-06
9.23664958E-06    6.30077871E-06
9.62507193E-06    6.55606447E-06
1.00058845E-05    6.82447771E-06
1.03785488E-05    7.10578321E-06
1.07425326E-05    7.39971731E-06
1.10973117E-05    7.70598788E-06
1.14423718E-05    8.02427449E-06
1.17772105E-05    8.35422866E-06
1.21013393E-05    8.69547430E-06
1.24142851E-05    9.04760836E-06
1.27155928E-05    9.41020156E-06
1.30048265E-05    9.78279935E-06
1.32815718E-05    1.01649229E-05
1.35454373E-05    1.05560706E-05
1.37960559E-05    1.09557191E-05
1.40330872E-05    1.13633251E-05
1.42562180E-05    1.17783268E-05
1.44651643E-05    1.22001461E-05
1.46596718E-05    1.26281899E-05
1.48395176E-05    1.30618526E-05
1.50045104E-05    1.35005179E-05
1.51544916E-05    1.39435612E-05
1.52893355E-05    1.43903513E-05
1.54089498E-05    1.48402532E-05
1.55132756E-05    1.52926300E-05
1.56022874E-05    1.57468452E-05
1.56759928E-05    1.62022649E-05
1.57344323E-05    1.66582599E-05
1.57776783E-05    1.71142080E-05
1.58058349E-05    1.75694959E-05
1.58190364E-05    1.80235212E-05
1.58174468E-05    1.84756944E-05
1.58012581E-05    1.89254402E-05
1.57706896E-05    1.93721998E-05
1.57259858E-05    1.98154319E-05
1.56674157E-05    2.02546141E-05
1.55952704E-05    2.06892446E-05
1.55098620E-05    2.11188425E-05
1.54115218E-05    2.15429495E-05
1.53005985E-05    2.19611303E-05
1.51774565E-05    2.23729730E-05
1.50424743E-05    2.27780903E-05
1.48960422E-05    2.31761191E-05
1.47385615E-05    2.35667213E-05
1.45704418E-05    2.39495834E-05
1.43921003E-05    2.43244167E-05
1.42039592E-05    2.46909574E-05
1.40064452E-05    2.50489656E-05
1.37999871E-05    2.53982258E-05
1.35850149E-05    2.57385458E-05
1.33619584E-05    2.60697564E-05
1.31312458E-05    2.63917109E-05
1.28933026E-05    2.67042839E-05
1.26485504E-05    2.70073715E-05
1.23974061E-05    2.73008895E-05
1.21402808E-05    2.75847731E-05
1.18775790E-05    2.78589762E-05
1.16096980E-05    2.81234701E-05
1.13370267E-05    2.83782427E-05
1.10599458E-05    2.86232980E-05
1.07788264E-05    2.88586547E-05
1.04940305E-05    2.90843453E-05
1.02059097E-05    2.93004157E-05
9.91480547E-06    2.95069238E-05
9.62104873E-06    2.97039388E-05
9.32495965E-06    2.98915405E-05
9.02684755E-06    3.00698182E-05
8.72701075E-06    3.02388700E-05
8.42573662E-06    3.03988021E-05
8.12330151E-06    3.05497281E-05
7.81997085E-06    3.06917680E-05
7.51599920E-06    3.08250477E-05
7.21163038E-06    3.09496983E-05
6.90709759E-06    3.10658557E-05
6.60262360E-06    3.11736596E-05
6.29842095E-06    3.12732531E-05
5.99469212E-06    3.13647824E-05
5.69162980E-06    3.14483960E-05
5.38941710E-06    3.15242443E-05
5.08822781E-06    3.15924794E-05
4.78822668E-06    3.16532544E-05
4.48956967E-06    3.17067229E-05
4.19240423E-06    3.17530393E-05
3.89686960E-06    3.17923578E-05
3.60309704E-06    3.18248323E-05
3.31121018E-06    3.18506165E-05
3.02132526E-06    3.18698629E-05
2.73355142E-06    3.18827234E-05
2.44799099E-06    3.18893484E-05
2.16473973E-06    3.18898872E-05
1.88388718E-06    3.18844873E-05
1.60551683E-06    3.18732946E-05
1.32970646E-06    3.18564531E-05
1.05652836E-06    3.18341049E-05
7.86049582E-07    3.18063901E-05
5.18332198E-07    3.17734465E-05
2.53433525E-07    3.17354098E-05
-8.59363839E-09    3.16924133E-05
-2.67700789E-07    3.16445880E-05
-5.23843506E-07    3.15920626E-05
-7.76981235E-07    3.15349631E-05
-1.02707709E-06    3.14734133E-05
-1.27409767E-06    3.14075344E-05
-1.51801285E-06    3.13374453E-05
-1.75879561E-06    3.12632620E-05
-1.99642187E-06    3.11850984E-05
-2.23087031E-06    3.11030658E-05
-2.46212222E-06    3.10172730E-05
-2.69016134E-06    3.09278262E-05
-2.91497374E-06    3.08348295E-05
-3.13654761E-06    3.07383842E-05
-3.35487323E-06    3.06385895E-05
-3.56994273E-06    3.05355421E-05
-3.78175008E-06    3.04293363E-05
-3.99029087E-06    3.03200644E-05
-4.19556226E-06    3.02078162E-05
-4.39756288E-06    3.00926793E-05
-4.59629267E-06    2.99747391E-05
-4.79175286E-06    2.98540790E-05
-4.98394583E-06    2.97307803E-05
-5.17287502E-06    2.96049220E-05
-5.35854489E-06    2.94765814E-05
-5.54096078E-06    2.93458337E-05
-5.72012890E-06    2.92127521E-05
-5.89605622E-06    2.90774080E-05
-6.06875040E-06    2.89398711E-05
-6.23821977E-06    2.88002091E-05
-6.40447321E-06    2.86584880E-05
-6.56752014E-06    2.85147722E-05
-6.72737044E-06    2.83691245E-05
-6.88403440E-06    2.82216058E-05
-7.03752271E-06    2.80722758E-05
-7.18784636E-06    2.79211923E-05
-7.33501663E-06    2.77684120E-05
-7.47904504E-06    2.76139900E-05
-7.61994331E-06    2.74579799E-05
-7.75772333E-06    2.73004341E-05
-7.89239713E-06    2.71414035E-05
-8.02397683E-06    2.69809381E-05
-8.15247464E-06    2.68190862E-05
-8.27790278E-06    2.66558953E-05
-8.40027352E-06    2.64914115E-05
-8.51959911E-06    2.63256799E-05
-8.63589175E-06    2.61587444E-05
-8.74916362E-06    2.59906480E-05
-8.85942679E-06    2.58214327E-05
-8.96669326E-06    2.56511393E-05
-9.07097490E-06    2.54798080E-05
-9.17228347E-06    2.53074777E-05
-9.27063057E-06    2.51341868E-05
-9.36602764E-06    2.49599727E-05
-9.45848595E-06    2.47848719E-05
-9.54801657E-06    2.46089202E-05
-9.63463041E-06    2.44321527E-05
-9.71833812E-06    2.42546038E-05
-9.79915016E-06    2.40763072E-05
-9.87707675E-06    2.38972957E-05
-9.95212787E-06    2.37176019E-05
-1.00243133E-05    2.35372574E-05
-1.00936424E-05    2.33562935E-05
-1.01601245E-05    2.31747408E-05
-1.02237686E-05    2.29926295E-05
-1.02845833E-05    2.28099891E-05
-1.03425770E-05    2.26268488E-05
-1.03977578E-05    2.24432374E-05
-1.04501336E-05    2.22591831E-05
-1.04997119E-05    2.20747139E-05
-1.05465000E-05    2.18898571E-05
-1.05905048E-05    2.17046401E-05
-1.06317330E-05    2.15190896E-05
-1.06701909E-05    2.13332322E-05
-1.07058847E-05    2.11470942E-05
-1.07388200E-05    2.09607015E-05
-1.07690023E-05    2.07740799E-05
-1.07964367E-05    2.05872550E-05
-1.08211282E-05    2.04002520E-05
-1.08430812E-05    2.02130962E-05
-1.08623000E-05    2.00258125E-05
-1.08787885E-05    1.98384259E-05
-1.08925503E-05    1.96509611E-05
-1.09035889E-05    1.94634428E-05
-1.09119072E-05    1.92758955E-05
-1.09175079E-05    1.90883439E-05
-1.09203936E-05    1.89008124E-05
-1.09205665E-05    1.87133256E-05
-1.09180283E-05    1.85259079E-05
-1.09127807E-05    1.83385839E-05
-1.09048250E-05    1.81513781E-05
-1.08941622E-05    1.79643152E-05
-1.08807932E-05    1.77774198E-05
-1.08647184E-05    1.75907168E-05
-1.08459381E-05    1.74042311E-05
-1.08244523E-05    1.72179878E-05
-1.08002607E-05    1.70320120E-05
-1.07733628E-05    1.68463292E-05
-1.07437580E-05    1.66609650E-05
-1.07114451E-05    1.64759451E-05
-1.06764231E-05    1.62912956E-05
-1.06386905E-05    1.61070428E-05
-1.05982457E-05    1.59232131E-05
-1.05550869E-05    1.57398334E-05
-1.05092121E-05    1.55569309E-05
-1.04606192E-05    1.53745329E-05
-1.04093057E-05    1.51926673E-05
-1.03552692E-05    1.50113623E-05
-1.02985069E-05    1.48306463E-05
-1.02390161E-05    1.46505482E-05
-1.01767939E-05    1.44710974E-05
-1.01118372E-05    1.42923238E-05
-1.00441428E-05    1.41142574E-05
-9.97370758E-06    1.39369290E-05
-9.90052812E-06    1.37603698E-05
-9.82460107E-06    1.35846114E-05
-9.74592303E-06    1.34096861E-05
-9.66449053E-06    1.32356267E-05
-9.58030012E-06    1.30624665E-05
-9.49334834E-06    1.28902393E-05
-9.40363175E-06    1.27189797E-05
-9.31114696E-06    1.25487228E-05
-9.21589065E-06    1.23795045E-05
-9.11785956E-06    1.22113610E-05
-9.01705056E-06    1.20443296E-05
-8.91346062E-06    1.18784480E-05
-8.80708689E-06    1.17137547E-05
-8.69792666E-06    1.15502889E-05
-8.58597746E-06    1.13880907E-05
-8.47123700E-06    1.12272007E-05
-8.35370329E-06    1.10676605E-05
-8.23337460E-06    1.09095125E-05
-8.11024950E-06    1.07527996E-05
-7.98432692E-06    1.05975660E-05
-7.85560618E-06    1.04438564E-05
-7.72408697E-06    1.02917165E-05
-7.58976945E-06    1.01411929E-05
-7.45265426E-06    9.99233285E-06
-7.31274254E-06    9.84518486E-06
-7.17003599E-06    9.69979813E-06
-7.02453693E-06    9.55622285E-06
-6.87624827E-06    9.41451013E-06
-6.72517364E-06    9.27471205E-06
-6.57131737E-06    9.13688163E-06
-6.41468458E-06    9.00107288E-06
-6.25528118E-06    8.86734076E-06
-6.09311397E-06    8.73574123E-06
-5.92819064E-06    8.60633122E-06
-5.76051989E-06    8.47916866E-06
-5.59011139E-06    8.35431245E-06
-5.41697594E-06    8.23182252E-06
-5.24112542E-06    8.11175974E-06
-5.06257295E-06    7.99418600E-06
-4.88133287E-06    7.87916415E-06
-4.69742085E-06    7.76675803E-06
-4.51085394E-06    7.65703242E-06
-4.32165061E-06    7.55005307E-06
-4.12983086E-06    7.44588666E-06
-3.93541625E-06    7.34460078E-06
-3.73843000E-06    7.24626391E-06
-3.53889703E-06    7.15094544E-06
-3.33684405E-06    7.05871557E-06
-3.13229964E-06    6.96964535E-06
-2.92529430E-06    6.88380658E-06
-2.71586053E-06    6.80127183E-06
-2.50403294E-06    6.72211440E-06
-2.28984828E-06    6.64640820E-06
-2.07334553E-06    6.57422782E-06
-1.85456601E-06    6.50564835E-06
-1.63355341E-06    6.44074544E-06
-1.41035390E-06    6.37959514E-06
-1.18501621E-06    6.32227390E-06
-9.57591669E-07    6.26885848E-06
-7.28134336E-07    6.21942584E-06
-4.96701036E-07    6.17405311E-06
-2.63351453E-07    6.13281747E-06
-2.81481985E-08    6.09579606E-06
2.08843113E-07    6.06306590E-06
4.47553796E-07    6.03470375E-06
6.87912025E-07    6.01078603E-06
9.29842772E-07    5.99138869E-06
1.17326774E-06    5.97658710E-06
1.41810530E-06    5.96645588E-06
1.66427047E-06    5.96106884E-06
1.91167480E-06    5.96049876E-06
2.16022639E-06    5.96481730E-06
2.40982981E-06    5.97409479E-06
2.66038611E-06    5.98840014E-06
2.91179272E-06    6.00780062E-06
3.16394349E-06    6.03236170E-06
3.41672868E-06    6.06214691E-06
3.67003489E-06    6.09721759E-06
3.92374514E-06    6.13763278E-06
4.17773884E-06    6.18344896E-06
4.43189179E-06    6.23471990E-06
4.68607628E-06    6.29149643E-06
4.94016106E-06    6.35382628E-06
5.19401144E-06    6.42175382E-06
5.44748932E-06    6.49531988E-06
5.70045332E-06    6.57456155E-06
5.95275879E-06    6.65951194E-06
6.20425798E-06    6.75020000E-06
6.45480014E-06    6.84665027E-06
6.70423161E-06    6.94888273E-06
6.95239601E-06    7.05691252E-06
7.19913439E-06    7.17074978E-06
7.44428536E-06    7.29039945E-06
7.68768533E-06    7.41586106E-06
7.92916867E-06    7.54712855E-06
8.16856795E-06    7.68419007E-06
8.40571414E-06    7.82702783E-06
8.64043689E-06    7.97561792E-06
8.87256474E-06    8.12993016E-06
9.10192544E-06    8.28992797E-06
9.32834619E-06    8.45556820E-06
9.55165395E-06    8.62680106E-06
9.77167576E-06    8.80357001E-06
9.98823902E-06    8.98581163E-06
1.02011719E-05    9.17345563E-06
1.04103034E-05    9.36642472E-06
1.06154643E-05    9.56463463E-06
1.08164867E-05    9.76799410E-06
1.10132051E-05    9.97640483E-06
1.12054563E-05    1.01897616E-05
1.13930800E-05    1.04079522E-05
1.15759188E-05    1.06308577E-05
1.17538193E-05    1.08583524E-05
1.19266316E-05    1.10903038E-05
1.20942103E-05    1.13265731E-05
1.22564145E-05    1.15670152E-05
1.24131082E-05    1.18114786E-05
1.25641607E-05    1.20598064E-05
1.27094471E-05    1.23118354E-05
1.28488481E-05    1.25673975E-05
1.29822508E-05    1.28263190E-05
1.31095489E-05    1.30884217E-05
1.32306426E-05    1.33535226E-05
1.33454394E-05    1.36214346E-05
1.34538538E-05    1.38919667E-05
1.35558079E-05    1.41649244E-05
1.36512314E-05    1.44401100E-05
1.37400618E-05    1.47173232E-05
1.38222445E-05    1.49963611E-05
1.38977329E-05    1.52770191E-05
1.39664888E-05    1.55590909E-05
1.40284818E-05    1.58423691E-05
1.40836902E-05    1.61266457E-05
1.41321001E-05    1.64117123E-05
1.41737062E-05    1.66973607E-05
1.42085112E-05    1.69833832E-05
1.42365260E-05    1.72695731E-05
1.42577695E-05    1.75557250E-05
1.42722685E-05    1.78416354E-05
1.42800577E-05    1.81271028E-05
1.42811795E-05    1.84119282E-05
1.42756834E-05    1.86959157E-05
1.42636266E-05    1.89788725E-05
1.42450730E-05    1.92606093E-05
1.42200935E-05    1.95409406E-05
1.41887654E-05    1.98196854E-05
1.41511723E-05    2.00966669E-05
1.41074038E-05    2.03717130E-05
1.40575554E-05    2.06446566E-05
1.40017276E-05    2.09153358E-05
1.39400263E-05    2.11835941E-05
1.38725622E-05    2.14492803E-05
1.37994501E-05    2.17122492E-05
1.37208094E-05    2.19723613E-05
1.36367628E-05    2.22294829E-05
1.35474369E-05    2.24834865E-05
1.34529612E-05    2.27342507E-05
1.33534679E-05    2.29816602E-05
1.32490921E-05    2.32256058E-05
1.31399706E-05    2.34659848E-05
1.30262423E-05    2.37027003E-05
1.29080476E-05    2.39356619E-05
1.27855282E-05    2.41647851E-05
1.26588267E-05    2.43899917E-05
1.25280864E-05    2.46112094E-05
1.23934509E-05    2.48283717E-05
1.22550640E-05    2.50414183E-05
1.21130695E-05    2.52502944E-05
1.19676107E-05    2.54549508E-05
1.18188303E-05    2.56553439E-05
1.16668704E-05    2.58514355E-05
1.15118719E-05    2.60431924E-05
1.13539746E-05    2.62305868E-05
1.11933168E-05    2.64135956E-05
1.10300355E-05    2.65922004E-05
1.08642657E-05    2.67663878E-05
1.06961408E-05    2.69361484E-05
1.05257922E-05    2.71014772E-05
1.03533489E-05    2.72623733E-05
1.01789380E-05    2.74188399E-05
1.00026843E-05    2.75708838E-05
9.82471009E-06    2.77185152E-05
9.64513511E-06    2.78617480E-05
9.46407669E-06    2.80005992E-05
9.28164950E-06    2.81350889E-05
9.09796558E-06    2.82652401E-05
8.91313424E-06    2.83910786E-05
8.72726211E-06    2.85126325E-05
8.54045302E-06    2.86299327E-05
8.35280806E-06    2.87430122E-05
8.16442552E-06    2.88519060E-05
7.97540091E-06    2.89566512E-05
7.78582695E-06    2.90572868E-05
7.59579361E-06    2.91538532E-05
7.40538805E-06    2.92463927E-05
7.21469473E-06    2.93349487E-05
7.02379536E-06    2.94195662E-05
6.83276895E-06    2.95002911E-05
6.64169187E-06    2.95771707E-05
6.45063782E-06    2.96502528E-05
6.25967794E-06    2.97195865E-05
6.06888078E-06    2.97852213E-05
5.87831242E-06    2.98472076E-05
5.68803642E-06    2.99055962E-05
5.49811395E-06    2.99604383E-05
5.30860380E-06    3.00117858E-05
5.11956243E-06    3.00596906E-05
4.93104404E-06    3.01042049E-05
4.74310057E-06    3.01453811E-05
4.55578184E-06    3.01832717E-05
4.36913551E-06    3.02179291E-05
4.18320722E-06    3.02494060E-05
3.99804056E-06    3.02777547E-05
3.81367719E-06    3.03030273E-05
3.63015687E-06    3.03252761E-05
3.44751751E-06    3.03445527E-05
3.26579522E-06    3.03609089E-05
3.08502438E-06    3.03743957E-05
2.90523768E-06    3.03850641E-05
2.72646619E-06    3.03929646E-05
2.54873937E-06    3.03981472E-05
2.37208519E-06    3.04006617E-05
2.19653011E-06    3.04005571E-05
2.02209917E-06    3.03978821E-05
1.84881603E-06    3.03926849E-05
1.67670301E-06    3.03850131E-05
1.50578115E-06    3.03749138E-05
1.33607026E-06    3.03624333E-05
1.16758894E-06    3.03476177E-05
1.00035464E-06    3.03305123E-05
8.34383715E-07    3.03111616E-05
6.69691440E-07    3.02896098E-05
5.06292076E-07    3.02659004E-05
3.44198893E-07    3.02400762E-05
1.83424219E-07    3.02121793E-05
2.39794718E-08    3.01822513E-05
-1.34124800E-07    3.01503330E-05
-2.90878884E-07    3.01164648E-05
-4.46273869E-07    3.00806862E-05
-6.00301609E-07    3.00430362E-05
-7.52954693E-07    3.00035530E-05
-9.04226414E-07    2.99622744E-05
-1.05411073E-06    2.99192373E-05
-1.20260226E-06    2.98744782E-05
-1.34969620E-06    2.98280327E-05
-1.49538837E-06    2.97799359E-05
-1.63967513E-06    2.97302223E-05
-1.78255337E-06    2.96789259E-05
-1.92402049E-06    2.96260797E-05
-2.06407438E-06    2.95717164E-05
-2.20271338E-06    2.95158680E-05
-2.33993626E-06    2.94585659E-05
-2.47574223E-06    2.93998410E-05
-2.61013086E-06    2.93397234E-05
-2.74310213E-06    2.92782428E-05
-2.87465634E-06    2.92154282E-05
-3.00479415E-06    2.91513083E-05
-3.13351652E-06    2.90859109E-05
-3.26082471E-06    2.90192634E-05
-3.38672028E-06    2.89513927E-05
-3.51120504E-06    2.88823252E-05
-3.63428105E-06    2.88120866E-05
-3.75595061E-06    2.87407022E-05
-3.87621623E-06    2.86681969E-05
-3.99508066E-06    2.85945949E-05
-4.11254681E-06    2.85199200E-05
-4.22861777E-06    2.84441956E-05
-4.34329683E-06    2.83674444E-05
-4.45658741E-06    2.82896889E-05
-4.56849308E-06    2.82109510E-05
-4.67901755E-06    2.81312521E-05
-4.78816466E-06    2.80506134E-05
-4.89593834E-06    2.79690553E-05
-5.00234266E-06    2.78865982E-05
-5.10738175E-06    2.78032618E-05
-5.21105986E-06    2.77190654E-05
-5.31338128E-06    2.76340281E-05
-5.41435041E-06    2.75481683E-05
-5.51397169E-06    2.74615044E-05
-5.61224962E-06    2.73740541E-05
-5.70918873E-06    2.72858349E-05
-5.80479363E-06    2.71968639E-05
-5.89906894E-06    2.71071579E-05
-5.99201929E-06    2.70167332E-05
-6.08364937E-06    2.69256060E-05
-6.17396387E-06    2.68337920E-05
-6.26296748E-06    2.67413067E-05
-6.35066492E-06    2.66481650E-05
-6.43706088E-06    2.65543820E-05
-6.52216008E-06    2.64599720E-05
-6.60596720E-06    2.63649494E-05
-6.68848694E-06    2.62693279E-05
-6.76972396E-06    2.61731214E-05
-6.84968289E-06    2.60763431E-05
-6.92836837E-06    2.59790062E-05
-7.00578499E-06    2.58811235E-05
-7.08193730E-06    2.57827077E-05
-7.15682984E-06    2.56837711E-05
-7.23046709E-06    2.55843258E-05
-7.30285350E-06    2.54843838E-05
-7.37399347E-06    2.53839566E-05
-7.44389137E-06    2.52830557E-05
-7.51255149E-06    2.51816923E-05
-7.57997811E-06    2.50798774E-05
-7.64617541E-06    2.49776219E-05
-7.71114756E-06    2.48749362E-05
-7.77489863E-06    2.47718308E-05
-7.83743267E-06    2.46683160E-05
-7.89875363E-06    2.45644016E-05
-7.95886543E-06    2.44600977E-05
-8.01777190E-06    2.43554138E-05
-8.07547682E-06    2.42503595E-05
-8.13198388E-06    2.41449440E-05
-8.18729674E-06    2.40391766E-05
-8.24141894E-06    2.39330662E-05
-8.29435397E-06    2.38266218E-05
-8.34610527E-06    2.37198521E-05
-8.39667616E-06    2.36127655E-05
-8.44606992E-06    2.35053707E-05
-8.49428973E-06    2.33976758E-05
-8.54133870E-06    2.32896891E-05
-8.58721987E-06    2.31814186E-05
-8.63193619E-06    2.30728722E-05
-8.67549052E-06    2.29640578E-05
-8.71788567E-06    2.28549830E-05
-8.75912434E-06    2.27456555E-05
-8.79920916E-06    2.26360827E-05
-8.83814266E-06    2.25262721E-05
-8.87592730E-06    2.24162308E-05
-8.91256547E-06    2.23059662E-05
-8.94805945E-06    2.21954852E-05
-8.98241144E-06    2.20847950E-05
-9.01562356E-06    2.19739025E-05
-9.04769785E-06    2.18628145E-05
-9.07863624E-06    2.17515379E-05
-9.10844060E-06    2.16400792E-05
-9.13711270E-06    2.15284453E-05
-9.16465421E-06    2.14166426E-05
-9.19106674E-06    2.13046777E-05
-9.21635179E-06    2.11925570E-05
-9.24051079E-06    2.10802869E-05
-9.26354506E-06    2.09678739E-05
-9.28545584E-06    2.08553241E-05
-9.30624429E-06    2.07426439E-05
-9.32591148E-06    2.06298395E-05
-9.34445838E-06    2.05169171E-05
-9.36188587E-06    2.04038827E-05
-9.37819476E-06    2.02907426E-05
-9.39338576E-06    2.01775028E-05
-9.40745948E-06    2.00641693E-05
-9.42041646E-06    1.99507482E-05
-9.43225714E-06    1.98372456E-05
-9.44298188E-06    1.97236673E-05
-9.45259093E-06    1.96100194E-05
-9.46108449E-06    1.94963079E-05
-9.46846263E-06    1.93825387E-05
-9.47472535E-06    1.92687179E-05
-9.47987257E-06    1.91548512E-05
-9.48390412E-06    1.90409448E-05
-9.48681972E-06    1.89270045E-05
-9.48861903E-06    1.88130364E-05
-9.48930161E-06    1.86990465E-05
-9.48886693E-06    1.85850406E-05
-9.48731438E-06    1.84710249E-05
-9.48464327E-06    1.83570054E-05
-9.48085280E-06    1.82429881E-05
-9.47594210E-06    1.81289792E-05
-9.46991023E-06    1.80149846E-05
-9.46275614E-06    1.79010106E-05
-9.45447870E-06    1.77870634E-05
-9.44507671E-06    1.76731491E-05
-9.43454886E-06    1.75592740E-05
-9.42289380E-06    1.74454444E-05
-9.41011005E-06    1.73316666E-05
-9.39619607E-06    1.72179471E-05
-9.38115025E-06    1.71042923E-05
-9.36497088E-06    1.69907086E-05
-9.34765617E-06    1.68772028E-05
-9.32920426E-06    1.67637813E-05
-9.30961322E-06    1.66504509E-05
-9.28888102E-06    1.65372183E-05
-9.26700555E-06    1.64240904E-05
-9.24398466E-06    1.63110740E-05
-9.21981609E-06    1.61981763E-05
-9.19449750E-06    1.60854042E-05
-9.16802652E-06    1.59727648E-05
-9.14040066E-06    1.58602655E-05
-9.11161738E-06    1.57479136E-05
-9.08167407E-06    1.56357165E-05
-9.05056805E-06    1.55236817E-05
-9.01829655E-06    1.54118170E-05
-8.98485677E-06    1.53001299E-05
-8.95024582E-06    1.51886284E-05
-8.91446075E-06    1.50773205E-05
-8.87749854E-06    1.49662141E-05
-8.83935613E-06    1.48553176E-05
-8.80003037E-06    1.47446393E-05
-8.75951807E-06    1.46341876E-05
-8.71781598E-06    1.45239710E-05
-8.67492080E-06    1.44139984E-05
-8.63082917E-06    1.43042786E-05
-8.58553767E-06    1.41948206E-05
-8.53904285E-06    1.40856335E-05
-8.49134119E-06    1.39767267E-05
-8.44242915E-06    1.38681097E-05
-8.39230313E-06    1.37597920E-05
-8.34095948E-06    1.36517834E-05
-8.28839455E-06    1.35440940E-05
-8.23460460E-06    1.34367337E-05
-8.17958591E-06    1.33297130E-05
-8.12333468E-06    1.32230424E-05
-8.06584713E-06    1.31167324E-05
-8.00711942E-06    1.30107940E-05
-7.94714770E-06    1.29052382E-05
-7.88592811E-06    1.28000762E-05
-7.82345676E-06    1.26953196E-05
-7.75972975E-06    1.25909800E-05
-7.69474319E-06    1.24870692E-05
-7.62849317E-06    1.23835994E-05
-7.56097579E-06    1.22805829E-05
-7.49218713E-06    1.21780321E-05
-7.42212330E-06    1.20759600E-05
-7.35078043E-06    1.19743794E-05
-7.27815463E-06    1.18733036E-05
-7.20424208E-06    1.17727462E-05
-7.12903896E-06    1.16727208E-05
-7.05254147E-06    1.15732415E-05
-6.97474587E-06    1.14743224E-05
-6.89564844E-06    1.13759782E-05
-6.81524555E-06    1.12782236E-05
-6.73353357E-06    1.11810736E-05
-6.65050896E-06    1.10845436E-05
-6.56616825E-06    1.09886492E-05
-6.48050803E-06    1.08934063E-05
-6.39352498E-06    1.07988311E-05
-6.30521586E-06    1.07049401E-05
-6.21557752E-06    1.06117501E-05
-6.12460693E-06    1.05192781E-05
-6.03230114E-06    1.04275417E-05
-5.93865735E-06    1.03365585E-05
-5.84367287E-06    1.02463466E-05
-5.74734515E-06    1.01569243E-05
-5.64967177E-06    1.00683104E-05
-5.55065047E-06    9.98052390E-06
-5.45027917E-06    9.89358413E-06
-5.34855593E-06    9.80751083E-06
-5.24547902E-06    9.72232407E-06
-5.14104690E-06    9.63804424E-06
-5.03525822E-06    9.55469211E-06
-4.92811185E-06    9.47228880E-06
-4.81960689E-06    9.39085578E-06
-4.70974267E-06    9.31041490E-06
-4.59851880E-06    9.23098837E-06
-4.48593511E-06    9.15259876E-06
-4.37199173E-06    9.07526902E-06
-4.25668908E-06    8.99902247E-06
-4.14002789E-06    8.92388283E-06
-4.02200918E-06    8.84987415E-06
-3.90263434E-06    8.77702091E-06
-3.78190507E-06    8.70534795E-06
-3.65982346E-06    8.63488048E-06
-3.53639196E-06    8.56564411E-06
-3.41161342E-06    8.49766484E-06
-3.28549111E-06    8.43096903E-06
-3.15802871E-06    8.36558343E-06
-3.02923036E-06    8.30153519E-06
-2.89910066E-06    8.23885182E-06
-2.76764467E-06    8.17756121E-06
-2.63486799E-06    8.11769164E-06
-2.50077669E-06    8.05927175E-06
-2.36537742E-06    8.00233054E-06
-2.22867735E-06    7.94689741E-06
-2.09068427E-06    7.89300208E-06
-1.95140652E-06    7.84067465E-06
-1.81085310E-06    7.78994556E-06
-1.66903362E-06    7.74084559E-06
-1.52595837E-06    7.69340586E-06
-1.38163830E-06    7.64765781E-06
-1.23608510E-06    7.60363321E-06
-1.08931116E-06    7.56136410E-06
-9.41329631E-07    7.52088287E-06
-7.92154429E-07    7.48222215E-06
-6.41800277E-07    7.44541485E-06
-4.90282710E-07    7.41049415E-06
-3.37618109E-07    7.37749346E-06
-1.83823723E-07    7.34644642E-06
-2.89176903E-08    7.31738687E-06
1.27080937E-07    7.29034885E-06
2.84152168E-07    7.26536657E-06
4.42275048E-07    7.24247439E-06
6.01427639E-07    7.22170680E-06
7.61586991E-07    7.20309837E-06
9.22729123E-07    7.18668379E-06
1.08482900E-06    7.17249778E-06
1.24786049E-06    7.16057509E-06
1.41179639E-06    7.15095047E-06
1.57660835E-06    7.14365864E-06
1.74226688E-06    7.13873426E-06
1.90874131E-06    7.13621189E-06
2.07599982E-06    7.13612595E-06
2.24400933E-06    7.13851071E-06
2.41273557E-06    7.14340022E-06
2.58214301E-06    7.15082829E-06
2.75219487E-06    7.16082846E-06
2.92285307E-06    7.17343393E-06
3.09407824E-06    7.18867752E-06
3.26582972E-06    7.20659165E-06
3.43806552E-06    7.22720827E-06
3.61074229E-06    7.25055882E-06
3.78381538E-06    7.27667418E-06
3.95723877E-06    7.30558461E-06
4.13096507E-06    7.33731971E-06
4.30494556E-06    7.37190836E-06
4.47913012E-06    7.40937866E-06
4.65346729E-06    7.44975787E-06
4.82790424E-06    7.49307239E-06
5.00238678E-06    7.53934762E-06
5.17685938E-06    7.58860800E-06
5.35126514E-06    7.64087685E-06
5.52554586E-06    7.69617640E-06
5.69964199E-06    7.75452765E-06
5.87349271E-06    7.81595034E-06
6.04703590E-06    7.88046290E-06
6.22020820E-06    7.94808236E-06
6.39294499E-06    8.01882429E-06
6.56518048E-06    8.09270273E-06
6.73684770E-06    8.16973016E-06
6.90787854E-06    8.24991738E-06
7.07820381E-06    8.33327347E-06
7.24775328E-06    8.41980576E-06
7.41645568E-06    8.50951969E-06
7.58423882E-06    8.60241883E-06
7.75102962E-06    8.69850476E-06
7.91675413E-06    8.79777702E-06
8.08133763E-06    8.90023309E-06
8.24470471E-06    9.00586827E-06
8.40677929E-06    9.11467568E-06
8.56748472E-06    9.22664618E-06
8.72674386E-06    9.34176831E-06
8.88447915E-06    9.46002828E-06
9.04061269E-06    9.58140989E-06
9.19506634E-06    9.70589450E-06
9.34776179E-06    9.83346099E-06
9.49862067E-06    9.96408574E-06
9.64756463E-06    1.00977426E-05
9.79451546E-06    1.02344027E-05
9.93939515E-06    1.03740349E-05
1.00821260E-05    1.05166052E-05
1.02226309E-05    1.06620769E-05
1.03608330E-05    1.08104109E-05
1.04966563E-05    1.09615654E-05
1.06300256E-05    1.11154959E-05
1.07608664E-05    1.12721553E-05
1.08891052E-05    1.14314939E-05
1.10146697E-05    1.15934594E-05
1.11374889E-05    1.17579969E-05
1.12574927E-05    1.19250490E-05
1.13746129E-05    1.20945558E-05
1.14887826E-05    1.22664550E-05
1.15999366E-05    1.24406816E-05
1.17080114E-05    1.26171687E-05
1.18129454E-05    1.27958466E-05
1.19146791E-05    1.29766437E-05
1.20131547E-05    1.31594862E-05
1.21083171E-05    1.33442981E-05
1.22001130E-05    1.35310013E-05
1.22884918E-05    1.37195161E-05
1.23734049E-05    1.39097606E-05
1.24548068E-05    1.41016515E-05
1.25326541E-05    1.42951035E-05
1.26069063E-05    1.44900302E-05
1.26775257E-05    1.46863433E-05
1.27444774E-05    1.48839536E-05
1.28077292E-05    1.50827704E-05
1.28672519E-05    1.52827023E-05
1.29230194E-05    1.54836564E-05
1.29750085E-05    1.56855395E-05
1.30231989E-05    1.58882575E-05
1.30675737E-05    1.60917155E-05
1.31081187E-05    1.62958186E-05
1.31448231E-05    1.65004712E-05
1.31776792E-05    1.67055777E-05
1.32066821E-05    1.69110424E-05
1.32318303E-05    1.71167698E-05
1.32531254E-05    1.73226643E-05
1.32705719E-05    1.75286309E-05
1.32841773E-05    1.77345751E-05
1.32939525E-05    1.79404027E-05
1.32999109E-05    1.81460204E-05
1.33020691E-05    1.83513357E-05
1.33004465E-05    1.85562571E-05
1.32950655E-05    1.87606941E-05
1.32859509E-05    1.89645572E-05
1.32731307E-05    1.91677584E-05
1.32566351E-05    1.93702111E-05
1.32364971E-05    1.95718299E-05
1.32127521E-05    1.97725313E-05
1.31854379E-05    1.99722331E-05
1.31545947E-05    2.01708551E-05
