        0        0        0        0        0        0
        0  -0.2000  -0.2000  -0.2000  -0.2000        0
        0  -0.4000  -0.4000  -0.4000  -0.4000        0
        0  -0.6000  -0.6000  -0.6000  -0.6000        0
        0  -0.8000  -0.8000  -0.8000  -0.8000        0
        0        0        0        0        0        0

        0        0        0        0        0        0
        0  -0.1797  -0.1977  -0.1977  -0.1797        0
        0  -0.3588  -0.3945  -0.3945  -0.3588        0
        0  -0.5315  -0.5835  -0.5835  -0.5315        0
        0  -0.6353  -0.6926  -0.6926  -0.6353        0
        0        0        0        0        0        0

        0        0        0        0        0        0
        0  -0.1629  -0.1935  -0.1935  -0.1629        0
        0  -0.3240  -0.3846  -0.3846  -0.3240        0
        0  -0.4704  -0.5567  -0.5567  -0.4704        0
        0  -0.5128  -0.6010  -0.6010  -0.5128        0
        0        0        0        0        0        0

        0        0        0        0        0        0
        0  -0.1488  -0.1880  -0.1880  -0.1488        0
        0  -0.2941  -0.3712  -0.3712  -0.2941        0
        0  -0.4168  -0.5241  -0.5241  -0.4168        0
        0  -0.4202  -0.5229  -0.5229  -0.4202        0
        0        0        0        0        0        0

        0        0        0        0        0        0
        0  -0.1366  -0.1815  -0.1815  -0.1366        0
        0  -0.2679  -0.3552  -0.3552  -0.2679        0
        0  -0.3700  -0.4886  -0.4886  -0.3700        0
        0  -0.3490  -0.4564  -0.4564  -0.3490        0
        0        0        0        0        0        0

        0        0        0        0        0        0
        0  -0.1260  -0.1741  -0.1741  -0.1260        0
        0  -0.2447  -0.3375  -0.3375  -0.2447        0
        0  -0.3292  -0.4523  -0.4523  -0.3292        0
        0  -0.2934  -0.3997  -0.3997  -0.2934        0
        0        0        0        0        0        0

        0        0        0        0        0        0
        0  -0.1165  -0.1662  -0.1662  -0.1165        0
        0  -0.2238  -0.3188  -0.3188  -0.2238        0
        0  -0.2936  -0.4165  -0.4165  -0.2936        0
        0  -0.2494  -0.3513  -0.3513  -0.2494        0
        0        0        0        0        0        0

        0        0        0        0        0        0
        0  -0.1079  -0.1579  -0.1579  -0.1079        0
        0  -0.2051  -0.2996  -0.2996  -0.2051        0
        0  -0.2625  -0.3822  -0.3822  -0.2625        0
        0  -0.2139  -0.3097  -0.3097  -0.2139        0
        0        0        0        0        0        0

        0        0        0        0        0        0
        0  -0.1001  -0.1494  -0.1494  -0.1001        0
        0  -0.1880  -0.2804  -0.2804  -0.1880        0
        0  -0.2352  -0.3497  -0.3497  -0.2352        0
        0  -0.1850  -0.2738  -0.2738  -0.1850        0
        0        0        0        0        0        0

        0        0        0        0        0        0
        0  -0.0928  -0.1409  -0.1409  -0.0928        0
        0  -0.1725  -0.2614  -0.2614  -0.1725        0
        0  -0.2112  -0.3194  -0.3194  -0.2112        0
        0  -0.1612  -0.2428  -0.2428  -0.1612        0
        0        0        0        0        0        0

        0        0        0        0        0        0
        0  -0.0861  -0.1324  -0.1324  -0.0861        0
        0  -0.1582  -0.2430  -0.2430  -0.1582        0
        0  -0.1901  -0.2913  -0.2913  -0.1901        0
        0  -0.1413  -0.2159  -0.2159  -0.1413        0
        0        0        0        0        0        0

        0        0        0        0        0        0
        0  -0.0798  -0.1240  -0.1240  -0.0798        0
        0  -0.1452  -0.2253  -0.2253  -0.1452        0
        0  -0.1713  -0.2654  -0.2654  -0.1713        0
        0  -0.1245  -0.1925  -0.1925  -0.1245        0
        0        0        0        0        0        0

        0        0        0        0        0        0
        0  -0.0740  -0.1159  -0.1159  -0.0740        0
        0  -0.1332  -0.2085  -0.2085  -0.1332        0
        0  -0.1546  -0.2417  -0.2417  -0.1546        0
        0  -0.1102  -0.1720  -0.1720  -0.1102        0
        0        0        0        0        0        0

        0        0        0        0        0        0
        0  -0.0685  -0.1080  -0.1080  -0.0685        0
        0  -0.1222  -0.1926  -0.1926  -0.1222        0
        0  -0.1398  -0.2200  -0.2200  -0.1398        0
        0  -0.0980  -0.1540  -0.1540  -0.0980        0
        0        0        0        0        0        0

        0        0        0        0        0        0
        0  -0.0634  -0.1005  -0.1005  -0.0634        0
        0  -0.1121  -0.1776  -0.1776  -0.1121        0
        0  -0.1265  -0.2002  -0.2002  -0.1265        0
        0  -0.0874  -0.1381  -0.1381  -0.0874        0
        0        0        0        0        0        0

        0        0        0        0        0        0
        0  -0.0586  -0.0933  -0.0933  -0.0586        0
        0  -0.1028  -0.1635  -0.1635  -0.1028        0
        0  -0.1146  -0.1821  -0.1821  -0.1146        0
        0  -0.0781  -0.1241  -0.1241  -0.0781        0
        0        0        0        0        0        0

        0        0        0        0        0        0
        0  -0.0541  -0.0864  -0.0864  -0.0541        0
        0  -0.0942  -0.1504  -0.1504  -0.0942        0
        0  -0.1039  -0.1657  -0.1657  -0.1039        0
        0  -0.0701  -0.1117  -0.1117  -0.0701        0
        0        0        0        0        0        0

        0        0        0        0        0        0
        0  -0.0499  -0.0799  -0.0799  -0.0499        0
        0  -0.0864  -0.1382  -0.1382  -0.0864        0
        0  -0.0943  -0.1508  -0.1508  -0.0943        0
        0  -0.0629  -0.1007  -0.1007  -0.0629        0
        0        0        0        0        0        0

        0        0        0        0        0        0
        0  -0.0460  -0.0739  -0.0739  -0.0460        0
        0  -0.0791  -0.1269  -0.1269  -0.0791        0
        0  -0.0856  -0.1373  -0.1373  -0.0856        0
        0  -0.0567  -0.0908  -0.0908  -0.0567        0
        0        0        0        0        0        0

        0        0        0        0        0        0
        0  -0.0424  -0.0682  -0.0682  -0.0424        0
        0  -0.0725  -0.1164  -0.1164  -0.0725        0
        0  -0.0778  -0.1249  -0.1249  -0.0778        0
        0  -0.0511  -0.0821  -0.0821  -0.0511        0
        0        0        0        0        0        0

        0        0        0        0        0        0
        0  -0.0390  -0.0628  -0.0628  -0.0390        0
        0  -0.0664  -0.1068  -0.1068  -0.0664        0
        0  -0.0707  -0.1138  -0.1138  -0.0707        0
        0  -0.0461  -0.0742  -0.0742  -0.0461        0
        0        0        0        0        0        0

        0        0        0        0        0        0
        0  -0.0359  -0.0579  -0.0579  -0.0359        0
        0  -0.0607  -0.0978  -0.0978  -0.0607        0
        0  -0.0643  -0.1036  -0.1036  -0.0643        0
        0  -0.0417  -0.0672  -0.0672  -0.0417        0
        0        0        0        0        0        0

        0        0        0        0        0        0
        0  -0.0330  -0.0532  -0.0532  -0.0330        0
        0  -0.0556  -0.0896  -0.0896  -0.0556        0
        0  -0.0585  -0.0943  -0.0943  -0.0585        0
        0  -0.0378  -0.0609  -0.0609  -0.0378        0
        0        0        0        0        0        0

        0        0        0        0        0        0
        0  -0.0303  -0.0489  -0.0489  -0.0303        0
        0  -0.0509  -0.0821  -0.0821  -0.0509        0
        0  -0.0533  -0.0859  -0.0859  -0.0533        0
        0  -0.0342  -0.0552  -0.0552  -0.0342        0
        0        0        0        0        0        0

        0        0        0        0        0        0
        0  -0.0278  -0.0449  -0.0449  -0.0278        0
        0  -0.0465  -0.0751  -0.0751  -0.0465        0
        0  -0.0485  -0.0783  -0.0783  -0.0485        0
        0  -0.0310  -0.0501  -0.0501  -0.0310        0
        0        0        0        0        0        0

        0        0        0        0        0        0
        0  -0.0255  -0.0413  -0.0413  -0.0255        0
        0  -0.0426  -0.0687  -0.0687  -0.0426        0
        0  -0.0442  -0.0713  -0.0713  -0.0442        0
        0  -0.0282  -0.0455  -0.0455  -0.0282        0
        0        0        0        0        0        0

        0        0        0        0        0        0
        0  -0.0234  -0.0378  -0.0378  -0.0234        0
        0  -0.0389  -0.0629  -0.0629  -0.0389        0
        0  -0.0402  -0.0650  -0.0650  -0.0402        0
        0  -0.0256  -0.0413  -0.0413  -0.0256        0
        0        0        0        0        0        0

        0        0        0        0        0        0
        0  -0.0215  -0.0347  -0.0347  -0.0215        0
        0  -0.0356  -0.0575  -0.0575  -0.0356        0
        0  -0.0367  -0.0592  -0.0592  -0.0367        0
        0  -0.0232  -0.0375  -0.0375  -0.0232        0
        0        0        0        0        0        0

        0        0        0        0        0        0
        0  -0.0197  -0.0318  -0.0318  -0.0197        0
        0  -0.0325  -0.0526  -0.0526  -0.0325        0
        0  -0.0334  -0.0540  -0.0540  -0.0334        0
        0  -0.0211  -0.0341  -0.0341  -0.0211        0
        0        0        0        0        0        0

        0        0        0        0        0        0
        0  -0.0180  -0.0291  -0.0291  -0.0180        0
        0  -0.0297  -0.0481  -0.0481  -0.0297        0
        0  -0.0305  -0.0492  -0.0492  -0.0305        0
        0  -0.0192  -0.0310  -0.0310  -0.0192        0
        0        0        0        0        0        0

        0        0        0        0        0        0
        0  -0.0165  -0.0267  -0.0267  -0.0165        0
        0  -0.0272  -0.0439  -0.0439  -0.0272        0
        0  -0.0278  -0.0449  -0.0449  -0.0278        0
        0  -0.0175  -0.0282  -0.0282  -0.0175        0
        0        0        0        0        0        0

        0        0        0        0        0        0
        0  -0.0151  -0.0244  -0.0244  -0.0151        0
        0  -0.0248  -0.0402  -0.0402  -0.0248        0
        0  -0.0253  -0.0409  -0.0409  -0.0253        0
        0  -0.0159  -0.0257  -0.0257  -0.0159        0
        0        0        0        0        0        0

        0        0        0        0        0        0
        0  -0.0138  -0.0224  -0.0224  -0.0138        0
        0  -0.0227  -0.0367  -0.0367  -0.0227        0
        0  -0.0231  -0.0373  -0.0373  -0.0231        0
        0  -0.0145  -0.0234  -0.0234  -0.0145        0
        0        0        0        0        0        0

        0        0        0        0        0        0
        0  -0.0126  -0.0205  -0.0205  -0.0126        0
        0  -0.0207  -0.0335  -0.0335  -0.0207        0
        0  -0.0211  -0.0341  -0.0341  -0.0211        0
        0  -0.0132  -0.0213  -0.0213  -0.0132        0
        0        0        0        0        0        0

        0        0        0        0        0        0
        0  -0.0116  -0.0187  -0.0187  -0.0116        0
        0  -0.0189  -0.0306  -0.0306  -0.0189        0
        0  -0.0192  -0.0311  -0.0311  -0.0192        0
        0  -0.0120  -0.0194  -0.0194  -0.0120        0
        0        0        0        0        0        0

        0        0        0        0        0        0
        0  -0.0106  -0.0171  -0.0171  -0.0106        0
        0  -0.0173  -0.0280  -0.0280  -0.0173        0
        0  -0.0175  -0.0283  -0.0283  -0.0175        0
        0  -0.0109  -0.0177  -0.0177  -0.0109        0
        0        0        0        0        0        0

        0        0        0        0        0        0
        0  -0.0097  -0.0157  -0.0157  -0.0097        0
        0  -0.0158  -0.0256  -0.0256  -0.0158        0
        0  -0.0160  -0.0258  -0.0258  -0.0160        0
        0  -0.0100  -0.0161  -0.0161  -0.0100        0
        0        0        0        0        0        0

        0        0        0        0        0        0
        0  -0.0088  -0.0143  -0.0143  -0.0088        0
        0  -0.0144  -0.0233  -0.0233  -0.0144        0
        0  -0.0146  -0.0236  -0.0236  -0.0146        0
        0  -0.0091  -0.0147  -0.0147  -0.0091        0
        0        0        0        0        0        0

        0        0        0        0        0        0
        0  -0.0081  -0.0131  -0.0131  -0.0081        0
        0  -0.0132  -0.0213  -0.0213  -0.0132        0
        0  -0.0133  -0.0215  -0.0215  -0.0133        0
        0  -0.0083  -0.0134  -0.0134  -0.0083        0
        0        0        0        0        0        0

        0        0        0        0        0        0
        0  -0.0074  -0.0120  -0.0120  -0.0074        0
        0  -0.0120  -0.0195  -0.0195  -0.0120        0
        0  -0.0121  -0.0196  -0.0196  -0.0121        0
        0  -0.0075  -0.0122  -0.0122  -0.0075        0
        0        0        0        0        0        0

        0        0        0        0        0        0
        0  -0.0068  -0.0109  -0.0109  -0.0068        0
        0  -0.0110  -0.0178  -0.0178  -0.0110        0
        0  -0.0111  -0.0179  -0.0179  -0.0111        0
        0  -0.0069  -0.0111  -0.0111  -0.0069        0
        0        0        0        0        0        0

        0        0        0        0        0        0
        0  -0.0062  -0.0100  -0.0100  -0.0062        0
        0  -0.0100  -0.0162  -0.0162  -0.0100        0
        0  -0.0101  -0.0163  -0.0163  -0.0101        0
        0  -0.0063  -0.0102  -0.0102  -0.0063        0
        0        0        0        0        0        0

        0        0        0        0        0        0
        0  -0.0056  -0.0091  -0.0091  -0.0056        0
        0  -0.0092  -0.0148  -0.0148  -0.0092        0
        0  -0.0092  -0.0149  -0.0149  -0.0092        0
        0  -0.0057  -0.0093  -0.0093  -0.0057        0
        0        0        0        0        0        0

        0        0        0        0        0        0
        0  -0.0051  -0.0083  -0.0083  -0.0051        0
        0  -0.0084  -0.0135  -0.0135  -0.0084        0
        0  -0.0084  -0.0136  -0.0136  -0.0084        0
        0  -0.0052  -0.0084  -0.0084  -0.0052        0
        0        0        0        0        0        0

        0        0        0        0        0        0
        0  -0.0047  -0.0076  -0.0076  -0.0047        0
        0  -0.0076  -0.0124  -0.0124  -0.0076        0
        0  -0.0077  -0.0124  -0.0124  -0.0077        0
        0  -0.0048  -0.0077  -0.0077  -0.0048        0
        0        0        0        0        0        0

        0        0        0        0        0        0
        0  -0.0043  -0.0070  -0.0070  -0.0043        0
        0  -0.0070  -0.0113  -0.0113  -0.0070        0
        0  -0.0070  -0.0113  -0.0113  -0.0070        0
        0  -0.0043  -0.0070  -0.0070  -0.0043        0
        0        0        0        0        0        0

        0        0        0        0        0        0
        0  -0.0039  -0.0063  -0.0063  -0.0039        0
        0  -0.0064  -0.0103  -0.0103  -0.0064        0
        0  -0.0064  -0.0103  -0.0103  -0.0064        0
        0  -0.0040  -0.0064  -0.0064  -0.0040        0
        0        0        0        0        0        0

        0        0        0        0        0        0
        0  -0.0036  -0.0058  -0.0058  -0.0036        0
        0  -0.0058  -0.0094  -0.0094  -0.0058        0
        0  -0.0058  -0.0094  -0.0094  -0.0058        0
        0  -0.0036  -0.0059  -0.0059  -0.0036        0
        0        0        0        0        0        0

        0        0        0        0        0        0
        0  -0.0033  -0.0053  -0.0053  -0.0033        0
        0  -0.0053  -0.0086  -0.0086  -0.0053        0
        0  -0.0053  -0.0086  -0.0086  -0.0053        0
        0  -0.0033  -0.0053  -0.0053  -0.0033        0
        0        0        0        0        0        0

        0        0        0        0        0        0
        0  -0.0030  -0.0048  -0.0048  -0.0030        0
        0  -0.0048  -0.0078  -0.0078  -0.0048        0
        0  -0.0049  -0.0079  -0.0079  -0.0049        0
        0  -0.0030  -0.0049  -0.0049  -0.0030        0
        0        0        0        0        0        0

        0        0        0        0        0        0
        0  -0.0027  -0.0044  -0.0044  -0.0027        0
        0  -0.0044  -0.0072  -0.0072  -0.0044        0
        0  -0.0044  -0.0072  -0.0072  -0.0044        0
        0  -0.0027  -0.0044  -0.0044  -0.0027        0
        0        0        0        0        0        0

        0        0        0        0        0        0
        0  -0.0025  -0.0040  -0.0040  -0.0025        0
        0  -0.0040  -0.0065  -0.0065  -0.0040        0
        0  -0.0040  -0.0066  -0.0066  -0.0040        0
        0  -0.0025  -0.0041  -0.0041  -0.0025        0
        0        0        0        0        0        0

        0        0        0        0        0        0
        0  -0.0023  -0.0037  -0.0037  -0.0023        0
        0  -0.0037  -0.0060  -0.0060  -0.0037        0
        0  -0.0037  -0.0060  -0.0060  -0.0037        0
        0  -0.0023  -0.0037  -0.0037  -0.0023        0
        0        0        0        0        0        0

        0        0        0        0        0        0
        0  -0.0021  -0.0034  -0.0034  -0.0021        0
        0  -0.0034  -0.0054  -0.0054  -0.0034        0
        0  -0.0034  -0.0055  -0.0055  -0.0034        0
        0  -0.0021  -0.0034  -0.0034  -0.0021        0
        0        0        0        0        0        0

        0        0        0        0        0        0
        0  -0.0019  -0.0031  -0.0031  -0.0019        0
        0  -0.0031  -0.0050  -0.0050  -0.0031        0
        0  -0.0031  -0.0050  -0.0050  -0.0031        0
        0  -0.0019  -0.0031  -0.0031  -0.0019        0
        0        0        0        0        0        0

        0        0        0        0        0        0
        0  -0.0017  -0.0028  -0.0028  -0.0017        0
        0  -0.0028  -0.0045  -0.0045  -0.0028        0
        0  -0.0028  -0.0045  -0.0045  -0.0028        0
        0  -0.0017  -0.0028  -0.0028  -0.0017        0
        0        0        0        0        0        0

        0        0        0        0        0        0
        0  -0.0016  -0.0026  -0.0026  -0.0016        0
        0  -0.0026  -0.0041  -0.0041  -0.0026        0
        0  -0.0026  -0.0042  -0.0042  -0.0026        0
        0  -0.0016  -0.0026  -0.0026  -0.0016        0
        0        0        0        0        0        0

        0        0        0        0        0        0
        0  -0.0014  -0.0023  -0.0023  -0.0014        0
        0  -0.0023  -0.0038  -0.0038  -0.0023        0
        0  -0.0023  -0.0038  -0.0038  -0.0023        0
        0  -0.0014  -0.0023  -0.0023  -0.0014        0
        0        0        0        0        0        0

        0        0        0        0        0        0
        0  -0.0013  -0.0021  -0.0021  -0.0013        0
        0  -0.0021  -0.0035  -0.0035  -0.0021        0
        0  -0.0021  -0.0035  -0.0035  -0.0021        0
        0  -0.0013  -0.0021  -0.0021  -0.0013        0
        0        0        0        0        0        0

        0        0        0        0        0        0
        0  -0.0012  -0.0019  -0.0019  -0.0012        0
        0  -0.0019  -0.0032  -0.0032  -0.0019        0
        0  -0.0020  -0.0032  -0.0032  -0.0020        0
        0  -0.0012  -0.0020  -0.0020  -0.0012        0
        0        0        0        0        0        0

        0        0        0        0        0        0
        0  -0.0011  -0.0018  -0.0018  -0.0011        0
        0  -0.0018  -0.0029  -0.0029  -0.0018        0
        0  -0.0018  -0.0029  -0.0029  -0.0018        0
        0  -0.0011  -0.0018  -0.0018  -0.0011        0
        0        0        0        0        0        0

        0        0        0        0        0        0
        0  -0.0010  -0.0016  -0.0016  -0.0010        0
        0  -0.0016  -0.0026  -0.0026  -0.0016        0
        0  -0.0016  -0.0026  -0.0026  -0.0016        0
        0  -0.0010  -0.0016  -0.0016  -0.0010        0
        0        0        0        0        0        0

        0        0        0        0        0        0
        0  -0.0009  -0.0015  -0.0015  -0.0009        0
        0  -0.0015  -0.0024  -0.0024  -0.0015        0
        0  -0.0015  -0.0024  -0.0024  -0.0015        0
        0  -0.0009  -0.0015  -0.0015  -0.0009        0
        0        0        0        0        0        0

        0        0        0        0        0        0
        0  -0.0008  -0.0014  -0.0014  -0.0008        0
        0  -0.0014  -0.0022  -0.0022  -0.0014        0
        0  -0.0014  -0.0022  -0.0022  -0.0014        0
        0  -0.0008  -0.0014  -0.0014  -0.0008        0
        0        0        0        0        0        0

        0        0        0        0        0        0
        0  -0.0008  -0.0012  -0.0012  -0.0008        0
        0  -0.0012  -0.0020  -0.0020  -0.0012        0
        0  -0.0012  -0.0020  -0.0020  -0.0012        0
        0  -0.0008  -0.0012  -0.0012  -0.0008        0
        0        0        0        0        0        0

        0        0        0        0        0        0
        0  -0.0007  -0.0011  -0.0011  -0.0007        0
        0  -0.0011  -0.0018  -0.0018  -0.0011        0
        0  -0.0011  -0.0018  -0.0018  -0.0011        0
        0  -0.0007  -0.0011  -0.0011  -0.0007        0
        0        0        0        0        0        0

        0        0        0        0        0        0
        0  -0.0006  -0.0010  -0.0010  -0.0006        0
        0  -0.0010  -0.0017  -0.0017  -0.0010        0
        0  -0.0010  -0.0017  -0.0017  -0.0010        0
        0  -0.0006  -0.0010  -0.0010  -0.0006        0
        0        0        0        0        0        0

        0        0        0        0        0        0
        0  -0.0006  -0.0009  -0.0009  -0.0006        0
        0  -0.0009  -0.0015  -0.0015  -0.0009        0
        0  -0.0009  -0.0015  -0.0015  -0.0009        0
        0  -0.0006  -0.0009  -0.0009  -0.0006        0
        0        0        0        0        0        0

        0        0        0        0        0        0
        0  -0.0005  -0.0009  -0.0009  -0.0005        0
        0  -0.0009  -0.0014  -0.0014  -0.0009        0
        0  -0.0009  -0.0014  -0.0014  -0.0009        0
        0  -0.0005  -0.0009  -0.0009  -0.0005        0
        0        0        0        0        0        0

        0        0        0        0        0        0
        0  -0.0005  -0.0008  -0.0008  -0.0005        0
        0  -0.0008  -0.0013  -0.0013  -0.0008        0
        0  -0.0008  -0.0013  -0.0013  -0.0008        0
        0  -0.0005  -0.0008  -0.0008  -0.0005        0
        0        0        0        0        0        0

        0        0        0        0        0        0
        0  -0.0004  -0.0007  -0.0007  -0.0004        0
        0  -0.0007  -0.0012  -0.0012  -0.0007        0
        0  -0.0007  -0.0012  -0.0012  -0.0007        0
        0  -0.0004  -0.0007  -0.0007  -0.0004        0
        0        0        0        0        0        0

        0        0        0        0        0        0
        0  -0.0004  -0.0007  -0.0007  -0.0004        0
        0  -0.0007  -0.0011  -0.0011  -0.0007        0
        0  -0.0007  -0.0011  -0.0011  -0.0007        0
        0  -0.0004  -0.0007  -0.0007  -0.0004        0
        0        0        0        0        0        0

        0        0        0        0        0        0
        0  -0.0004  -0.0006  -0.0006  -0.0004        0
        0  -0.0006  -0.0010  -0.0010  -0.0006        0
        0  -0.0006  -0.0010  -0.0010  -0.0006        0
        0  -0.0004  -0.0006  -0.0006  -0.0004        0
        0        0        0        0        0        0

        0        0        0        0        0        0
        0  -0.0003  -0.0005  -0.0005  -0.0003        0
        0  -0.0005  -0.0009  -0.0009  -0.0005        0
        0  -0.0005  -0.0009  -0.0009  -0.0005        0
        0  -0.0003  -0.0005  -0.0005  -0.0003        0
        0        0        0        0        0        0

        0        0        0        0        0        0
        0  -0.0003  -0.0005  -0.0005  -0.0003        0
        0  -0.0005  -0.0008  -0.0008  -0.0005        0
        0  -0.0005  -0.0008  -0.0008  -0.0005        0
        0  -0.0003  -0.0005  -0.0005  -0.0003        0
        0        0        0        0        0        0

        0        0        0        0        0        0
        0  -0.0003  -0.0005  -0.0005  -0.0003        0
        0  -0.0005  -0.0007  -0.0007  -0.0005        0
        0  -0.0005  -0.0007  -0.0007  -0.0005        0
        0  -0.0003  -0.0005  -0.0005  -0.0003        0
        0        0        0        0        0        0

        0        0        0        0        0        0
        0  -0.0003  -0.0004  -0.0004  -0.0003        0
        0  -0.0004  -0.0007  -0.0007  -0.0004        0
        0  -0.0004  -0.0007  -0.0007  -0.0004        0
        0  -0.0003  -0.0004  -0.0004  -0.0003        0
        0        0        0        0        0        0

        0        0        0        0        0        0
        0  -0.0002  -0.0004  -0.0004  -0.0002        0
        0  -0.0004  -0.0006  -0.0006  -0.0004        0
        0  -0.0004  -0.0006  -0.0006  -0.0004        0
        0  -0.0002  -0.0004  -0.0004  -0.0002        0
        0        0        0        0        0        0

        0        0        0        0        0        0
        0  -0.0002  -0.0003  -0.0003  -0.0002        0
        0  -0.0003  -0.0006  -0.0006  -0.0003        0
        0  -0.0003  -0.0006  -0.0006  -0.0003        0
        0  -0.0002  -0.0003  -0.0003  -0.0002        0
        0        0        0        0        0        0

        0        0        0        0        0        0
        0  -0.0002  -0.0003  -0.0003  -0.0002        0
        0  -0.0003  -0.0005  -0.0005  -0.0003        0
        0  -0.0003  -0.0005  -0.0005  -0.0003        0
        0  -0.0002  -0.0003  -0.0003  -0.0002        0
        0        0        0        0        0        0

        0        0        0        0        0        0
        0  -0.0002  -0.0003  -0.0003  -0.0002        0
        0  -0.0003  -0.0005  -0.0005  -0.0003        0
        0  -0.0003  -0.0005  -0.0005  -0.0003        0
        0  -0.0002  -0.0003  -0.0003  -0.0002        0
        0        0        0        0        0        0

        0        0        0        0        0        0
        0  -0.0002  -0.0003  -0.0003  -0.0002        0
        0  -0.0003  -0.0004  -0.0004  -0.0003        0
        0  -0.0003  -0.0004  -0.0004  -0.0003        0
        0  -0.0002  -0.0003  -0.0003  -0.0002        0
        0        0        0        0        0        0

        0        0        0        0        0        0
        0  -0.0001  -0.0002  -0.0002  -0.0001        0
        0  -0.0002  -0.0004  -0.0004  -0.0002        0
        0  -0.0002  -0.0004  -0.0004  -0.0002        0
        0  -0.0001  -0.0002  -0.0002  -0.0001        0
        0        0        0        0        0        0

        0        0        0        0        0        0
        0  -0.0001  -0.0002  -0.0002  -0.0001        0
        0  -0.0002  -0.0004  -0.0004  -0.0002        0
        0  -0.0002  -0.0004  -0.0004  -0.0002        0
        0  -0.0001  -0.0002  -0.0002  -0.0001        0
        0        0        0        0        0        0

        0        0        0        0        0        0
        0  -0.0001  -0.0002  -0.0002  -0.0001        0
        0  -0.0002  -0.0003  -0.0003  -0.0002        0
        0  -0.0002  -0.0003  -0.0003  -0.0002        0
        0  -0.0001  -0.0002  -0.0002  -0.0001        0
        0        0        0        0        0        0

        0        0        0        0        0        0
        0  -0.0001  -0.0002  -0.0002  -0.0001        0
        0  -0.0002  -0.0003  -0.0003  -0.0002        0
        0  -0.0002  -0.0003  -0.0003  -0.0002        0
        0  -0.0001  -0.0002  -0.0002  -0.0001        0
        0        0        0        0        0        0

        0        0        0        0        0        0
        0  -0.0001  -0.0002  -0.0002  -0.0001        0
        0  -0.0002  -0.0003  -0.0003  -0.0002        0
        0  -0.0002  -0.0003  -0.0003  -0.0002        0
        0  -0.0001  -0.0002  -0.0002  -0.0001        0
        0        0        0        0        0        0

            0            0            0            0            0            0
            0  -9.3749e-05  -1.5169e-04  -1.5169e-04  -9.3749e-05            0
            0  -1.5169e-04  -2.4545e-04  -2.4545e-04  -1.5169e-04            0
            0  -1.5170e-04  -2.4546e-04  -2.4546e-04  -1.5170e-04            0
            0  -9.3760e-05  -1.5171e-04  -1.5171e-04  -9.3760e-05            0
            0            0            0            0            0            0

            0            0            0            0            0            0
            0  -8.5577e-05  -1.3847e-04  -1.3847e-04  -8.5577e-05            0
            0  -1.3847e-04  -2.2405e-04  -2.2405e-04  -1.3847e-04            0
            0  -1.3848e-04  -2.2406e-04  -2.2406e-04  -1.3848e-04            0
            0  -8.5587e-05  -1.3848e-04  -1.3848e-04  -8.5587e-05            0
            0            0            0            0            0            0

            0            0            0            0            0            0
            0  -7.8118e-05  -1.2640e-04  -1.2640e-04  -7.8118e-05            0
            0  -1.2640e-04  -2.0452e-04  -2.0452e-04  -1.2640e-04            0
            0  -1.2641e-04  -2.0453e-04  -2.0453e-04  -1.2641e-04            0
            0  -7.8126e-05  -1.2641e-04  -1.2641e-04  -7.8126e-05            0
            0            0            0            0            0            0

            0            0            0            0            0            0
            0  -7.1309e-05  -1.1538e-04  -1.1538e-04  -7.1309e-05            0
            0  -1.1538e-04  -1.8669e-04  -1.8669e-04  -1.1538e-04            0
            0  -1.1539e-04  -1.8670e-04  -1.8670e-04  -1.1539e-04            0
            0  -7.1315e-05  -1.1539e-04  -1.1539e-04  -7.1315e-05            0
            0            0            0            0            0            0

            0            0            0            0            0            0
            0  -6.5094e-05  -1.0532e-04  -1.0532e-04  -6.5094e-05            0
            0  -1.0533e-04  -1.7042e-04  -1.7042e-04  -1.0533e-04            0
            0  -1.0533e-04  -1.7043e-04  -1.7043e-04  -1.0533e-04            0
            0  -6.5099e-05  -1.0533e-04  -1.0533e-04  -6.5099e-05            0
            0            0            0            0            0            0

            0            0            0            0            0            0
            0  -5.9420e-05  -9.6143e-05  -9.6143e-05  -5.9420e-05            0
            0  -9.6145e-05  -1.5557e-04  -1.5557e-04  -9.6145e-05            0
            0  -9.6148e-05  -1.5557e-04  -1.5557e-04  -9.6148e-05            0
            0  -5.9424e-05  -9.6150e-05  -9.6150e-05  -5.9424e-05            0
            0            0            0            0            0            0

            0            0            0            0            0            0
            0  -5.4240e-05  -8.7763e-05  -8.7763e-05  -5.4240e-05            0
            0  -8.7765e-05  -1.4201e-04  -1.4201e-04  -8.7765e-05            0
            0  -8.7767e-05  -1.4201e-04  -1.4201e-04  -8.7767e-05            0
            0  -5.4244e-05  -8.7768e-05  -8.7768e-05  -5.4244e-05            0
            0            0            0            0            0            0

            0            0            0            0            0            0
            0  -4.9513e-05  -8.0113e-05  -8.0113e-05  -4.9513e-05            0
            0  -8.0114e-05  -1.2963e-04  -1.2963e-04  -8.0114e-05            0
            0  -8.0116e-05  -1.2963e-04  -1.2963e-04  -8.0116e-05            0
            0  -4.9515e-05  -8.0118e-05  -8.0118e-05  -4.9515e-05            0
            0            0            0            0            0            0

            0            0            0            0            0            0
            0  -4.5197e-05  -7.3130e-05  -7.3130e-05  -4.5197e-05            0
            0  -7.3131e-05  -1.1833e-04  -1.1833e-04  -7.3131e-05            0
            0  -7.3133e-05  -1.1833e-04  -1.1833e-04  -7.3133e-05            0
            0  -4.5199e-05  -7.3134e-05  -7.3134e-05  -4.5199e-05            0
            0            0            0            0            0            0

            0            0            0            0            0            0
            0  -4.1257e-05  -6.6756e-05  -6.6756e-05  -4.1257e-05            0
            0  -6.6757e-05  -1.0801e-04  -1.0801e-04  -6.6757e-05            0
            0  -6.6758e-05  -1.0802e-04  -1.0802e-04  -6.6758e-05            0
            0  -4.1259e-05  -6.6759e-05  -6.6759e-05  -4.1259e-05            0
            0            0            0            0            0            0

            0            0            0            0            0            0
            0  -3.7661e-05  -6.0937e-05  -6.0937e-05  -3.7661e-05            0
            0  -6.0938e-05  -9.8599e-05  -9.8599e-05  -6.0938e-05            0
            0  -6.0939e-05  -9.8601e-05  -9.8601e-05  -6.0939e-05            0
            0  -3.7663e-05  -6.0939e-05  -6.0939e-05  -3.7663e-05            0
            0            0            0            0            0            0

            0            0            0            0            0            0
            0  -3.4378e-05  -5.5625e-05  -5.5625e-05  -3.4378e-05            0
            0  -5.5626e-05  -9.0005e-05  -9.0005e-05  -5.5626e-05            0
            0  -5.5627e-05  -9.0006e-05  -9.0006e-05  -5.5627e-05            0
            0  -3.4380e-05  -5.5627e-05  -5.5627e-05  -3.4380e-05            0
            0            0            0            0            0            0

            0            0            0            0            0            0
            0  -3.1382e-05  -5.0777e-05  -5.0777e-05  -3.1382e-05            0
            0  -5.0777e-05  -8.2159e-05  -8.2159e-05  -5.0777e-05            0
            0  -5.0778e-05  -8.2160e-05  -8.2160e-05  -5.0778e-05            0
            0  -3.1383e-05  -5.0778e-05  -5.0778e-05  -3.1383e-05            0
            0            0            0            0            0            0

            0            0            0            0            0            0
            0  -2.8646e-05  -4.6351e-05  -4.6351e-05  -2.8646e-05            0
            0  -4.6351e-05  -7.4998e-05  -7.4998e-05  -4.6351e-05            0
            0  -4.6352e-05  -7.4998e-05  -7.4998e-05  -4.6352e-05            0
            0  -2.8647e-05  -4.6352e-05  -4.6352e-05  -2.8647e-05            0
            0            0            0            0            0            0

            0            0            0            0            0            0
            0  -2.6149e-05  -4.2310e-05  -4.2310e-05  -2.6149e-05            0
            0  -4.2311e-05  -6.8460e-05  -6.8460e-05  -4.2311e-05            0
            0  -4.2311e-05  -6.8461e-05  -6.8461e-05  -4.2311e-05            0
            0  -2.6150e-05  -4.2311e-05  -4.2311e-05  -2.6150e-05            0
            0            0            0            0            0            0

            0            0            0            0            0            0
            0  -2.3870e-05  -3.8622e-05  -3.8622e-05  -2.3870e-05            0
            0  -3.8623e-05  -6.2493e-05  -6.2493e-05  -3.8623e-05            0
            0  -3.8623e-05  -6.2493e-05  -6.2493e-05  -3.8623e-05            0
            0  -2.3870e-05  -3.8623e-05  -3.8623e-05  -2.3870e-05            0
            0            0            0            0            0            0

            0            0            0            0            0            0
            0  -2.1789e-05  -3.5256e-05  -3.5256e-05  -2.1789e-05            0
            0  -3.5256e-05  -5.7045e-05  -5.7045e-05  -3.5256e-05            0
            0  -3.5256e-05  -5.7046e-05  -5.7046e-05  -3.5256e-05            0
            0  -2.1790e-05  -3.5256e-05  -3.5256e-05  -2.1790e-05            0
            0            0            0            0            0            0

            0            0            0            0            0            0
            0  -1.9890e-05  -3.2183e-05  -3.2183e-05  -1.9890e-05            0
            0  -3.2183e-05  -5.2073e-05  -5.2073e-05  -3.2183e-05            0
            0  -3.2183e-05  -5.2073e-05  -5.2073e-05  -3.2183e-05            0
            0  -1.9890e-05  -3.2183e-05  -3.2183e-05  -1.9890e-05            0
            0            0            0            0            0            0

            0            0            0            0            0            0
            0  -1.8156e-05  -2.9377e-05  -2.9377e-05  -1.8156e-05            0
            0  -2.9378e-05  -4.7534e-05  -4.7534e-05  -2.9378e-05            0
            0  -2.9378e-05  -4.7534e-05  -4.7534e-05  -2.9378e-05            0
            0  -1.8157e-05  -2.9378e-05  -2.9378e-05  -1.8157e-05            0
            0            0            0            0            0            0

            0            0            0            0            0            0
            0  -1.6574e-05  -2.6817e-05  -2.6817e-05  -1.6574e-05            0
            0  -2.6817e-05  -4.3390e-05  -4.3390e-05  -2.6817e-05            0
            0  -2.6817e-05  -4.3391e-05  -4.3391e-05  -2.6817e-05            0
            0  -1.6574e-05  -2.6817e-05  -2.6817e-05  -1.6574e-05            0
            0            0            0            0            0            0

            0            0            0            0            0            0
            0  -1.5129e-05  -2.4479e-05  -2.4479e-05  -1.5129e-05            0
            0  -2.4479e-05  -3.9608e-05  -3.9608e-05  -2.4479e-05            0
            0  -2.4479e-05  -3.9608e-05  -3.9608e-05  -2.4479e-05            0
            0  -1.5129e-05  -2.4479e-05  -2.4479e-05  -1.5129e-05            0
            0            0            0            0            0            0

            0            0            0            0            0            0
            0  -1.3810e-05  -2.2345e-05  -2.2345e-05  -1.3810e-05            0
            0  -2.2345e-05  -3.6156e-05  -3.6156e-05  -2.2345e-05            0
            0  -2.2346e-05  -3.6156e-05  -3.6156e-05  -2.2346e-05            0
            0  -1.3810e-05  -2.2346e-05  -2.2346e-05  -1.3810e-05            0
            0            0            0            0            0            0

            0            0            0            0            0            0
            0  -1.2606e-05  -2.0398e-05  -2.0398e-05  -1.2606e-05            0
            0  -2.0398e-05  -3.3004e-05  -3.3004e-05  -2.0398e-05            0
            0  -2.0398e-05  -3.3004e-05  -3.3004e-05  -2.0398e-05            0
            0  -1.2607e-05  -2.0398e-05  -2.0398e-05  -1.2607e-05            0
            0            0            0            0            0            0

            0            0            0            0            0            0
            0  -1.1508e-05  -1.8620e-05  -1.8620e-05  -1.1508e-05            0
            0  -1.8620e-05  -3.0127e-05  -3.0127e-05  -1.8620e-05            0
            0  -1.8620e-05  -3.0127e-05  -3.0127e-05  -1.8620e-05            0
            0  -1.1508e-05  -1.8620e-05  -1.8620e-05  -1.1508e-05            0
            0            0            0            0            0            0

            0            0            0            0            0            0
            0  -1.0504e-05  -1.6997e-05  -1.6997e-05  -1.0504e-05            0
            0  -1.6997e-05  -2.7501e-05  -2.7501e-05  -1.6997e-05            0
            0  -1.6997e-05  -2.7501e-05  -2.7501e-05  -1.6997e-05            0
            0  -1.0505e-05  -1.6997e-05  -1.6997e-05  -1.0505e-05            0
            0            0            0            0            0            0

            0            0            0            0            0            0
            0  -9.5888e-06  -1.5515e-05  -1.5515e-05  -9.5888e-06            0
            0  -1.5515e-05  -2.5104e-05  -2.5104e-05  -1.5515e-05            0
            0  -1.5515e-05  -2.5104e-05  -2.5104e-05  -1.5515e-05            0
            0  -9.5889e-06  -1.5515e-05  -1.5515e-05  -9.5889e-06            0
            0            0            0            0            0            0

            0            0            0            0            0            0
            0  -8.7530e-06  -1.4163e-05  -1.4163e-05  -8.7530e-06            0
            0  -1.4163e-05  -2.2916e-05  -2.2916e-05  -1.4163e-05            0
            0  -1.4163e-05  -2.2916e-05  -2.2916e-05  -1.4163e-05            0
            0  -8.7530e-06  -1.4163e-05  -1.4163e-05  -8.7530e-06            0
            0            0            0            0            0            0

            0            0            0            0            0            0
            0  -7.9900e-06  -1.2928e-05  -1.2928e-05  -7.9900e-06            0
            0  -1.2928e-05  -2.0918e-05  -2.0918e-05  -1.2928e-05            0
            0  -1.2928e-05  -2.0918e-05  -2.0918e-05  -1.2928e-05            0
            0  -7.9900e-06  -1.2928e-05  -1.2928e-05  -7.9900e-06            0
            0            0            0            0            0            0

            0            0            0            0            0            0
            0  -7.2935e-06  -1.1801e-05  -1.1801e-05  -7.2935e-06            0
            0  -1.1801e-05  -1.9095e-05  -1.9095e-05  -1.1801e-05            0
            0  -1.1801e-05  -1.9095e-05  -1.9095e-05  -1.1801e-05            0
            0  -7.2936e-06  -1.1801e-05  -1.1801e-05  -7.2936e-06            0
            0            0            0            0            0            0

            0            0            0            0            0            0
            0  -6.6578e-06  -1.0772e-05  -1.0772e-05  -6.6578e-06            0
            0  -1.0773e-05  -1.7430e-05  -1.7430e-05  -1.0773e-05            0
            0  -1.0773e-05  -1.7430e-05  -1.7430e-05  -1.0773e-05            0
            0  -6.6578e-06  -1.0773e-05  -1.0773e-05  -6.6578e-06            0
            0            0            0            0            0            0

            0            0            0            0            0            0
            0  -6.0774e-06  -9.8335e-06  -9.8335e-06  -6.0774e-06            0
            0  -9.8335e-06  -1.5911e-05  -1.5911e-05  -9.8335e-06            0
            0  -9.8335e-06  -1.5911e-05  -1.5911e-05  -9.8335e-06            0
            0  -6.0775e-06  -9.8335e-06  -9.8335e-06  -6.0775e-06            0
            0            0            0            0            0            0

            0            0            0            0            0            0
            0  -5.5477e-06  -8.9763e-06  -8.9763e-06  -5.5477e-06            0
            0  -8.9763e-06  -1.4524e-05  -1.4524e-05  -8.9763e-06            0
            0  -8.9763e-06  -1.4524e-05  -1.4524e-05  -8.9763e-06            0
            0  -5.5477e-06  -8.9764e-06  -8.9764e-06  -5.5477e-06            0
            0            0            0            0            0            0

            0            0            0            0            0            0
            0  -5.0641e-06  -8.1939e-06  -8.1939e-06  -5.0641e-06            0
            0  -8.1939e-06  -1.3258e-05  -1.3258e-05  -8.1939e-06            0
            0  -8.1939e-06  -1.3258e-05  -1.3258e-05  -8.1939e-06            0
            0  -5.0641e-06  -8.1939e-06  -8.1939e-06  -5.0641e-06            0
            0            0            0            0            0            0

            0            0            0            0            0            0
            0  -4.6227e-06  -7.4796e-06  -7.4796e-06  -4.6227e-06            0
            0  -7.4796e-06  -1.2102e-05  -1.2102e-05  -7.4796e-06            0
            0  -7.4797e-06  -1.2102e-05  -1.2102e-05  -7.4797e-06            0
            0  -4.6227e-06  -7.4797e-06  -7.4797e-06  -4.6227e-06            0
            0            0            0            0            0            0

            0            0            0            0            0            0
            0  -4.2197e-06  -6.8277e-06  -6.8277e-06  -4.2197e-06            0
            0  -6.8277e-06  -1.1047e-05  -1.1047e-05  -6.8277e-06            0
            0  -6.8277e-06  -1.1047e-05  -1.1047e-05  -6.8277e-06            0
            0  -4.2197e-06  -6.8277e-06  -6.8277e-06  -4.2197e-06            0
            0            0            0            0            0            0

            0            0            0            0            0            0
            0  -3.8519e-06  -6.2325e-06  -6.2325e-06  -3.8519e-06            0
            0  -6.2325e-06  -1.0084e-05  -1.0084e-05  -6.2325e-06            0
            0  -6.2325e-06  -1.0084e-05  -1.0084e-05  -6.2325e-06            0
            0  -3.8519e-06  -6.2325e-06  -6.2325e-06  -3.8519e-06            0
            0            0            0            0            0            0

            0            0            0            0            0            0
            0  -3.5161e-06  -5.6892e-06  -5.6892e-06  -3.5161e-06            0
            0  -5.6892e-06  -9.2054e-06  -9.2054e-06  -5.6892e-06            0
            0  -5.6892e-06  -9.2054e-06  -9.2054e-06  -5.6892e-06            0
            0  -3.5161e-06  -5.6892e-06  -5.6892e-06  -3.5161e-06            0
            0            0            0            0            0            0

            0            0            0            0            0            0
            0  -3.2096e-06  -5.1933e-06  -5.1933e-06  -3.2096e-06            0
            0  -5.1933e-06  -8.4030e-06  -8.4030e-06  -5.1933e-06            0
            0  -5.1933e-06  -8.4030e-06  -8.4030e-06  -5.1933e-06            0
            0  -3.2097e-06  -5.1933e-06  -5.1933e-06  -3.2097e-06            0
            0            0            0            0            0            0

            0            0            0            0            0            0
            0  -2.9299e-06  -4.7406e-06  -4.7406e-06  -2.9299e-06            0
            0  -4.7406e-06  -7.6705e-06  -7.6705e-06  -4.7406e-06            0
            0  -4.7406e-06  -7.6705e-06  -7.6705e-06  -4.7406e-06            0
            0  -2.9299e-06  -4.7406e-06  -4.7406e-06  -2.9299e-06            0
            0            0            0            0            0            0

            0            0            0            0            0            0
            0  -2.6745e-06  -4.3274e-06  -4.3274e-06  -2.6745e-06            0
            0  -4.3274e-06  -7.0019e-06  -7.0019e-06  -4.3274e-06            0
            0  -4.3274e-06  -7.0019e-06  -7.0019e-06  -4.3274e-06            0
            0  -2.6745e-06  -4.3274e-06  -4.3274e-06  -2.6745e-06            0
            0            0            0            0            0            0

            0            0            0            0            0            0
            0  -2.4414e-06  -3.9502e-06  -3.9502e-06  -2.4414e-06            0
            0  -3.9502e-06  -6.3915e-06  -6.3915e-06  -3.9502e-06            0
            0  -3.9502e-06  -6.3915e-06  -6.3915e-06  -3.9502e-06            0
            0  -2.4414e-06  -3.9502e-06  -3.9502e-06  -2.4414e-06            0
            0            0            0            0            0            0

            0            0            0            0            0            0
            0  -2.2285e-06  -3.6059e-06  -3.6059e-06  -2.2285e-06            0
            0  -3.6059e-06  -5.8344e-06  -5.8344e-06  -3.6059e-06            0
            0  -3.6059e-06  -5.8344e-06  -5.8344e-06  -3.6059e-06            0
            0  -2.2285e-06  -3.6059e-06  -3.6059e-06  -2.2285e-06            0
            0            0            0            0            0            0

            0            0            0            0            0            0
            0  -2.0343e-06  -3.2915e-06  -3.2915e-06  -2.0343e-06            0
            0  -3.2915e-06  -5.3258e-06  -5.3258e-06  -3.2915e-06            0
            0  -3.2915e-06  -5.3258e-06  -5.3258e-06  -3.2915e-06            0
            0  -2.0343e-06  -3.2915e-06  -3.2915e-06  -2.0343e-06            0
            0            0            0            0            0            0

            0            0            0            0            0            0
            0  -1.8570e-06  -3.0046e-06  -3.0046e-06  -1.8570e-06            0
            0  -3.0046e-06  -4.8616e-06  -4.8616e-06  -3.0046e-06            0
            0  -3.0046e-06  -4.8616e-06  -4.8616e-06  -3.0046e-06            0
            0  -1.8570e-06  -3.0046e-06  -3.0046e-06  -1.8570e-06            0
            0            0            0            0            0            0

            0            0            0            0            0            0
            0  -1.6951e-06  -2.7427e-06  -2.7427e-06  -1.6951e-06            0
            0  -2.7427e-06  -4.4378e-06  -4.4378e-06  -2.7427e-06            0
            0  -2.7427e-06  -4.4378e-06  -4.4378e-06  -2.7427e-06            0
            0  -1.6951e-06  -2.7427e-06  -2.7427e-06  -1.6951e-06            0
            0            0            0            0            0            0

            0            0            0            0            0            0
            0  -1.5473e-06  -2.5036e-06  -2.5036e-06  -1.5473e-06            0
            0  -2.5036e-06  -4.0510e-06  -4.0510e-06  -2.5036e-06            0
            0  -2.5036e-06  -4.0510e-06  -4.0510e-06  -2.5036e-06            0
            0  -1.5473e-06  -2.5036e-06  -2.5036e-06  -1.5473e-06            0
            0            0            0            0            0            0

            0            0            0            0            0            0
            0  -1.4125e-06  -2.2854e-06  -2.2854e-06  -1.4125e-06            0
            0  -2.2854e-06  -3.6979e-06  -3.6979e-06  -2.2854e-06            0
            0  -2.2854e-06  -3.6979e-06  -3.6979e-06  -2.2854e-06            0
            0  -1.4125e-06  -2.2854e-06  -2.2854e-06  -1.4125e-06            0
            0            0            0            0            0            0

            0            0            0            0            0            0
            0  -1.2893e-06  -2.0862e-06  -2.0862e-06  -1.2893e-06            0
            0  -2.0862e-06  -3.3755e-06  -3.3755e-06  -2.0862e-06            0
            0  -2.0862e-06  -3.3755e-06  -3.3755e-06  -2.0862e-06            0
            0  -1.2893e-06  -2.0862e-06  -2.0862e-06  -1.2893e-06            0
            0            0            0            0            0            0

            0            0            0            0            0            0
            0  -1.1770e-06  -1.9043e-06  -1.9043e-06  -1.1770e-06            0
            0  -1.9043e-06  -3.0813e-06  -3.0813e-06  -1.9043e-06            0
            0  -1.9043e-06  -3.0813e-06  -3.0813e-06  -1.9043e-06            0
            0  -1.1770e-06  -1.9043e-06  -1.9043e-06  -1.1770e-06            0
            0            0            0            0            0            0

            0            0            0            0            0            0
            0  -1.0744e-06  -1.7383e-06  -1.7383e-06  -1.0744e-06            0
            0  -1.7383e-06  -2.8127e-06  -2.8127e-06  -1.7383e-06            0
            0  -1.7383e-06  -2.8127e-06  -2.8127e-06  -1.7383e-06            0
            0  -1.0744e-06  -1.7383e-06  -1.7383e-06  -1.0744e-06            0
            0            0            0            0            0            0

            0            0            0            0            0            0
            0  -9.8071e-07  -1.5868e-06  -1.5868e-06  -9.8071e-07            0
            0  -1.5868e-06  -2.5675e-06  -2.5675e-06  -1.5868e-06            0
            0  -1.5868e-06  -2.5675e-06  -2.5675e-06  -1.5868e-06            0
            0  -9.8071e-07  -1.5868e-06  -1.5868e-06  -9.8071e-07            0
            0            0            0            0            0            0

            0            0            0            0            0            0
            0  -8.9522e-07  -1.4485e-06  -1.4485e-06  -8.9522e-07            0
            0  -1.4485e-06  -2.3437e-06  -2.3437e-06  -1.4485e-06            0
            0  -1.4485e-06  -2.3437e-06  -2.3437e-06  -1.4485e-06            0
            0  -8.9522e-07  -1.4485e-06  -1.4485e-06  -8.9522e-07            0
            0            0            0            0            0            0

            0            0            0            0            0            0
            0  -8.1719e-07  -1.3222e-06  -1.3222e-06  -8.1719e-07            0
            0  -1.3222e-06  -2.1394e-06  -2.1394e-06  -1.3222e-06            0
            0  -1.3222e-06  -2.1394e-06  -2.1394e-06  -1.3222e-06            0
            0  -8.1719e-07  -1.3222e-06  -1.3222e-06  -8.1719e-07            0
            0            0            0            0            0            0

            0            0            0            0            0            0
            0  -7.4596e-07  -1.2070e-06  -1.2070e-06  -7.4596e-07            0
            0  -1.2070e-06  -1.9529e-06  -1.9529e-06  -1.2070e-06            0
            0  -1.2070e-06  -1.9529e-06  -1.9529e-06  -1.2070e-06            0
            0  -7.4596e-07  -1.2070e-06  -1.2070e-06  -7.4596e-07            0
            0            0            0            0            0            0

            0            0            0            0            0            0
            0  -6.8093e-07  -1.1018e-06  -1.1018e-06  -6.8093e-07            0
            0  -1.1018e-06  -1.7827e-06  -1.7827e-06  -1.1018e-06            0
            0  -1.1018e-06  -1.7827e-06  -1.7827e-06  -1.1018e-06            0
            0  -6.8093e-07  -1.1018e-06  -1.1018e-06  -6.8093e-07            0
            0            0            0            0            0            0

            0            0            0            0            0            0
            0  -6.2158e-07  -1.0057e-06  -1.0057e-06  -6.2158e-07            0
            0  -1.0057e-06  -1.6273e-06  -1.6273e-06  -1.0057e-06            0
            0  -1.0057e-06  -1.6273e-06  -1.6273e-06  -1.0057e-06            0
            0  -6.2158e-07  -1.0057e-06  -1.0057e-06  -6.2158e-07            0
            0            0            0            0            0            0

            0            0            0            0            0            0
            0  -5.6740e-07  -9.1807e-07  -9.1807e-07  -5.6740e-07            0
            0  -9.1807e-07  -1.4855e-06  -1.4855e-06  -9.1807e-07            0
            0  -9.1807e-07  -1.4855e-06  -1.4855e-06  -9.1807e-07            0
            0  -5.6740e-07  -9.1807e-07  -9.1807e-07  -5.6740e-07            0
            0            0            0            0            0            0

            0            0            0            0            0            0
            0  -5.1794e-07  -8.3804e-07  -8.3804e-07  -5.1794e-07            0
            0  -8.3804e-07  -1.3560e-06  -1.3560e-06  -8.3804e-07            0
            0  -8.3804e-07  -1.3560e-06  -1.3560e-06  -8.3804e-07            0
            0  -5.1794e-07  -8.3804e-07  -8.3804e-07  -5.1794e-07            0
            0            0            0            0            0            0

            0            0            0            0            0            0
            0  -4.7279e-07  -7.6499e-07  -7.6499e-07  -4.7279e-07            0
            0  -7.6499e-07  -1.2378e-06  -1.2378e-06  -7.6499e-07            0
            0  -7.6499e-07  -1.2378e-06  -1.2378e-06  -7.6499e-07            0
            0  -4.7279e-07  -7.6499e-07  -7.6499e-07  -4.7279e-07            0
            0            0            0            0            0            0

            0            0            0            0            0            0
            0  -4.3158e-07  -6.9831e-07  -6.9831e-07  -4.3158e-07            0
            0  -6.9831e-07  -1.1299e-06  -1.1299e-06  -6.9831e-07            0
            0  -6.9831e-07  -1.1299e-06  -1.1299e-06  -6.9831e-07            0
            0  -4.3158e-07  -6.9831e-07  -6.9831e-07  -4.3158e-07            0
            0            0            0            0            0            0

            0            0            0            0            0            0
            0  -3.9396e-07  -6.3744e-07  -6.3744e-07  -3.9396e-07            0
            0  -6.3744e-07  -1.0314e-06  -1.0314e-06  -6.3744e-07            0
            0  -6.3744e-07  -1.0314e-06  -1.0314e-06  -6.3744e-07            0
            0  -3.9396e-07  -6.3744e-07  -6.3744e-07  -3.9396e-07            0
            0            0            0            0            0            0

            0            0            0            0            0            0
            0  -3.5962e-07  -5.8187e-07  -5.8187e-07  -3.5962e-07            0
            0  -5.8187e-07  -9.4149e-07  -9.4149e-07  -5.8187e-07            0
            0  -5.8187e-07  -9.4149e-07  -9.4149e-07  -5.8187e-07            0
            0  -3.5962e-07  -5.8187e-07  -5.8187e-07  -3.5962e-07            0
            0            0            0            0            0            0

            0            0            0            0            0            0
            0  -3.2827e-07  -5.3115e-07  -5.3115e-07  -3.2827e-07            0
            0  -5.3115e-07  -8.5942e-07  -8.5942e-07  -5.3115e-07            0
            0  -5.3115e-07  -8.5942e-07  -8.5942e-07  -5.3115e-07            0
            0  -3.2827e-07  -5.3115e-07  -5.3115e-07  -3.2827e-07            0
            0            0            0            0            0            0

            0            0            0            0            0            0
            0  -2.9966e-07  -4.8485e-07  -4.8485e-07  -2.9966e-07            0
            0  -4.8485e-07  -7.8451e-07  -7.8451e-07  -4.8485e-07            0
            0  -4.8485e-07  -7.8451e-07  -7.8451e-07  -4.8485e-07            0
            0  -2.9966e-07  -4.8485e-07  -4.8485e-07  -2.9966e-07            0
            0            0            0            0            0            0

            0            0            0            0            0            0
            0  -2.7354e-07  -4.4259e-07  -4.4259e-07  -2.7354e-07            0
            0  -4.4259e-07  -7.1612e-07  -7.1612e-07  -4.4259e-07            0
            0  -4.4259e-07  -7.1612e-07  -7.1612e-07  -4.4259e-07            0
            0  -2.7354e-07  -4.4259e-07  -4.4259e-07  -2.7354e-07            0
            0            0            0            0            0            0

            0            0            0            0            0            0
            0  -2.4969e-07  -4.0401e-07  -4.0401e-07  -2.4969e-07            0
            0  -4.0401e-07  -6.5370e-07  -6.5370e-07  -4.0401e-07            0
            0  -4.0401e-07  -6.5370e-07  -6.5370e-07  -4.0401e-07            0
            0  -2.4969e-07  -4.0401e-07  -4.0401e-07  -2.4969e-07            0
            0            0            0            0            0            0

            0            0            0            0            0            0
            0  -2.2793e-07  -3.6879e-07  -3.6879e-07  -2.2793e-07            0
            0  -3.6879e-07  -5.9672e-07  -5.9672e-07  -3.6879e-07            0
            0  -3.6879e-07  -5.9672e-07  -5.9672e-07  -3.6879e-07            0
            0  -2.2793e-07  -3.6879e-07  -3.6879e-07  -2.2793e-07            0
            0            0            0            0            0            0

            0            0            0            0            0            0
            0  -2.0806e-07  -3.3665e-07  -3.3665e-07  -2.0806e-07            0
            0  -3.3665e-07  -5.4471e-07  -5.4471e-07  -3.3665e-07            0
            0  -3.3665e-07  -5.4471e-07  -5.4471e-07  -3.3665e-07            0
            0  -2.0806e-07  -3.3665e-07  -3.3665e-07  -2.0806e-07            0
            0            0            0            0            0            0

            0            0            0            0            0            0
            0  -1.8992e-07  -3.0730e-07  -3.0730e-07  -1.8992e-07            0
            0  -3.0730e-07  -4.9722e-07  -4.9722e-07  -3.0730e-07            0
            0  -3.0730e-07  -4.9722e-07  -4.9722e-07  -3.0730e-07            0
            0  -1.8992e-07  -3.0730e-07  -3.0730e-07  -1.8992e-07            0
            0            0            0            0            0            0

            0            0            0            0            0            0
            0  -1.7337e-07  -2.8051e-07  -2.8051e-07  -1.7337e-07            0
            0  -2.8051e-07  -4.5388e-07  -4.5388e-07  -2.8051e-07            0
            0  -2.8051e-07  -4.5388e-07  -4.5388e-07  -2.8051e-07            0
            0  -1.7337e-07  -2.8051e-07  -2.8051e-07  -1.7337e-07            0
            0            0            0            0            0            0

            0            0            0            0            0            0
            0  -1.5826e-07  -2.5606e-07  -2.5606e-07  -1.5826e-07            0
            0  -2.5606e-07  -4.1432e-07  -4.1432e-07  -2.5606e-07            0
            0  -2.5606e-07  -4.1432e-07  -4.1432e-07  -2.5606e-07            0
            0  -1.5826e-07  -2.5606e-07  -2.5606e-07  -1.5826e-07            0
            0            0            0            0            0            0

            0            0            0            0            0            0
            0  -1.4446e-07  -2.3374e-07  -2.3374e-07  -1.4446e-07            0
            0  -2.3374e-07  -3.7820e-07  -3.7820e-07  -2.3374e-07            0
            0  -2.3374e-07  -3.7820e-07  -3.7820e-07  -2.3374e-07            0
            0  -1.4446e-07  -2.3374e-07  -2.3374e-07  -1.4446e-07            0
            0            0            0            0            0            0

            0            0            0            0            0            0
            0  -1.3187e-07  -2.1337e-07  -2.1337e-07  -1.3187e-07            0
            0  -2.1337e-07  -3.4524e-07  -3.4524e-07  -2.1337e-07            0
            0  -2.1337e-07  -3.4524e-07  -3.4524e-07  -2.1337e-07            0
            0  -1.3187e-07  -2.1337e-07  -2.1337e-07  -1.3187e-07            0
            0            0            0            0            0            0

            0            0            0            0            0            0
            0  -1.2037e-07  -1.9477e-07  -1.9477e-07  -1.2037e-07            0
            0  -1.9477e-07  -3.1514e-07  -3.1514e-07  -1.9477e-07            0
            0  -1.9477e-07  -3.1514e-07  -3.1514e-07  -1.9477e-07            0
            0  -1.2037e-07  -1.9477e-07  -1.9477e-07  -1.2037e-07            0
            0            0            0            0            0            0

            0            0            0            0            0            0
            0  -1.0988e-07  -1.7779e-07  -1.7779e-07  -1.0988e-07            0
            0  -1.7779e-07  -2.8767e-07  -2.8767e-07  -1.7779e-07            0
            0  -1.7779e-07  -2.8767e-07  -2.8767e-07  -1.7779e-07            0
            0  -1.0988e-07  -1.7779e-07  -1.7779e-07  -1.0988e-07            0
            0            0            0            0            0            0

            0            0            0            0            0            0
            0  -1.0030e-07  -1.6229e-07  -1.6229e-07  -1.0030e-07            0
            0  -1.6229e-07  -2.6260e-07  -2.6260e-07  -1.6229e-07            0
            0  -1.6229e-07  -2.6260e-07  -2.6260e-07  -1.6229e-07            0
            0  -1.0030e-07  -1.6229e-07  -1.6229e-07  -1.0030e-07            0
            0            0            0            0            0            0

            0            0            0            0            0            0
            0  -9.1560e-08  -1.4815e-07  -1.4815e-07  -9.1560e-08            0
            0  -1.4815e-07  -2.3971e-07  -2.3971e-07  -1.4815e-07            0
            0  -1.4815e-07  -2.3971e-07  -2.3971e-07  -1.4815e-07            0
            0  -9.1560e-08  -1.4815e-07  -1.4815e-07  -9.1560e-08            0
            0            0            0            0            0            0

            0            0            0            0            0            0
            0  -8.3578e-08  -1.3523e-07  -1.3523e-07  -8.3578e-08            0
            0  -1.3523e-07  -2.1881e-07  -2.1881e-07  -1.3523e-07            0
            0  -1.3523e-07  -2.1881e-07  -2.1881e-07  -1.3523e-07            0
            0  -8.3579e-08  -1.3523e-07  -1.3523e-07  -8.3579e-08            0
            0            0            0            0            0            0

            0            0            0            0            0            0
            0  -7.6293e-08  -1.2344e-07  -1.2344e-07  -7.6293e-08            0
            0  -1.2344e-07  -1.9974e-07  -1.9974e-07  -1.2344e-07            0
            0  -1.2344e-07  -1.9974e-07  -1.9974e-07  -1.2344e-07            0
            0  -7.6293e-08  -1.2344e-07  -1.2344e-07  -7.6293e-08            0
            0            0            0            0            0            0

            0            0            0            0            0            0
            0  -6.9643e-08  -1.1268e-07  -1.1268e-07  -6.9643e-08            0
            0  -1.1268e-07  -1.8233e-07  -1.8233e-07  -1.1268e-07            0
            0  -1.1268e-07  -1.8233e-07  -1.8233e-07  -1.1268e-07            0
            0  -6.9643e-08  -1.1268e-07  -1.1268e-07  -6.9643e-08            0
            0            0            0            0            0            0

            0            0            0            0            0            0
            0  -6.3572e-08  -1.0286e-07  -1.0286e-07  -6.3572e-08            0
            0  -1.0286e-07  -1.6643e-07  -1.6643e-07  -1.0286e-07            0
            0  -1.0286e-07  -1.6643e-07  -1.6643e-07  -1.0286e-07            0
            0  -6.3572e-08  -1.0286e-07  -1.0286e-07  -6.3572e-08            0
            0            0            0            0            0            0

            0            0            0            0            0            0
            0  -5.8031e-08  -9.3896e-08  -9.3896e-08  -5.8031e-08            0
            0  -9.3896e-08  -1.5193e-07  -1.5193e-07  -9.3896e-08            0
            0  -9.3896e-08  -1.5193e-07  -1.5193e-07  -9.3896e-08            0
            0  -5.8031e-08  -9.3896e-08  -9.3896e-08  -5.8031e-08            0
            0            0            0            0            0            0

            0            0            0            0            0            0
            0  -5.2972e-08  -8.5711e-08  -8.5711e-08  -5.2972e-08            0
            0  -8.5711e-08  -1.3868e-07  -1.3868e-07  -8.5711e-08            0
            0  -8.5711e-08  -1.3868e-07  -1.3868e-07  -8.5711e-08            0
            0  -5.2972e-08  -8.5711e-08  -8.5711e-08  -5.2972e-08            0
            0            0            0            0            0            0

            0            0            0            0            0            0
            0  -4.8355e-08  -7.8240e-08  -7.8240e-08  -4.8355e-08            0
            0  -7.8240e-08  -1.2659e-07  -1.2659e-07  -7.8240e-08            0
            0  -7.8240e-08  -1.2659e-07  -1.2659e-07  -7.8240e-08            0
            0  -4.8355e-08  -7.8240e-08  -7.8240e-08  -4.8355e-08            0
            0            0            0            0            0            0

            0            0            0            0            0            0
            0  -4.4140e-08  -7.1420e-08  -7.1420e-08  -4.4140e-08            0
            0  -7.1420e-08  -1.1556e-07  -1.1556e-07  -7.1420e-08            0
            0  -7.1420e-08  -1.1556e-07  -1.1556e-07  -7.1420e-08            0
            0  -4.4140e-08  -7.1420e-08  -7.1420e-08  -4.4140e-08            0
            0            0            0            0            0            0

            0            0            0            0            0            0
            0  -4.0292e-08  -6.5194e-08  -6.5194e-08  -4.0292e-08            0
            0  -6.5194e-08  -1.0549e-07  -1.0549e-07  -6.5194e-08            0
            0  -6.5194e-08  -1.0549e-07  -1.0549e-07  -6.5194e-08            0
            0  -4.0292e-08  -6.5194e-08  -6.5194e-08  -4.0292e-08            0
            0            0            0            0            0            0

            0            0            0            0            0            0
            0  -3.6780e-08  -5.9511e-08  -5.9511e-08  -3.6780e-08            0
            0  -5.9511e-08  -9.6291e-08  -9.6291e-08  -5.9511e-08            0
            0  -5.9511e-08  -9.6291e-08  -9.6291e-08  -5.9511e-08            0
            0  -3.6780e-08  -5.9511e-08  -5.9511e-08  -3.6780e-08            0
            0            0            0            0            0            0

            0            0            0            0            0            0
            0  -3.3574e-08  -5.4324e-08  -5.4324e-08  -3.3574e-08            0
            0  -5.4324e-08  -8.7897e-08  -8.7897e-08  -5.4324e-08            0
            0  -5.4324e-08  -8.7897e-08  -8.7897e-08  -5.4324e-08            0
            0  -3.3574e-08  -5.4324e-08  -5.4324e-08  -3.3574e-08            0
            0            0            0            0            0            0

            0            0            0            0            0            0
            0  -3.0647e-08  -4.9588e-08  -4.9588e-08  -3.0647e-08            0
            0  -4.9588e-08  -8.0235e-08  -8.0235e-08  -4.9588e-08            0
            0  -4.9588e-08  -8.0235e-08  -8.0235e-08  -4.9588e-08            0
            0  -3.0647e-08  -4.9588e-08  -4.9588e-08  -3.0647e-08            0
            0            0            0            0            0            0

            0            0            0            0            0            0
            0  -2.7976e-08  -4.5266e-08  -4.5266e-08  -2.7976e-08            0
            0  -4.5266e-08  -7.3241e-08  -7.3241e-08  -4.5266e-08            0
            0  -4.5266e-08  -7.3241e-08  -7.3241e-08  -4.5266e-08            0
            0  -2.7976e-08  -4.5266e-08  -4.5266e-08  -2.7976e-08            0
            0            0            0            0            0            0

            0            0            0            0            0            0
            0  -2.5537e-08  -4.1320e-08  -4.1320e-08  -2.5537e-08            0
            0  -4.1320e-08  -6.6857e-08  -6.6857e-08  -4.1320e-08            0
            0  -4.1320e-08  -6.6857e-08  -6.6857e-08  -4.1320e-08            0
            0  -2.5537e-08  -4.1320e-08  -4.1320e-08  -2.5537e-08            0
            0            0            0            0            0            0

            0            0            0            0            0            0
            0  -2.3311e-08  -3.7718e-08  -3.7718e-08  -2.3311e-08            0
            0  -3.7718e-08  -6.1029e-08  -6.1029e-08  -3.7718e-08            0
            0  -3.7718e-08  -6.1029e-08  -6.1029e-08  -3.7718e-08            0
            0  -2.3311e-08  -3.7718e-08  -3.7718e-08  -2.3311e-08            0
            0            0            0            0            0            0

            0            0            0            0            0            0
            0  -2.1279e-08  -3.4430e-08  -3.4430e-08  -2.1279e-08            0
            0  -3.4430e-08  -5.5709e-08  -5.5709e-08  -3.4430e-08            0
            0  -3.4430e-08  -5.5709e-08  -5.5709e-08  -3.4430e-08            0
            0  -2.1279e-08  -3.4430e-08  -3.4430e-08  -2.1279e-08            0
            0            0            0            0            0            0

            0            0            0            0            0            0
            0  -1.9424e-08  -3.1429e-08  -3.1429e-08  -1.9424e-08            0
            0  -3.1429e-08  -5.0853e-08  -5.0853e-08  -3.1429e-08            0
            0  -3.1429e-08  -5.0853e-08  -5.0853e-08  -3.1429e-08            0
            0  -1.9424e-08  -3.1429e-08  -3.1429e-08  -1.9424e-08            0
            0            0            0            0            0            0

            0            0            0            0            0            0
            0  -1.7731e-08  -2.8689e-08  -2.8689e-08  -1.7731e-08            0
            0  -2.8689e-08  -4.6420e-08  -4.6420e-08  -2.8689e-08            0
            0  -2.8689e-08  -4.6420e-08  -4.6420e-08  -2.8689e-08            0
            0  -1.7731e-08  -2.8689e-08  -2.8689e-08  -1.7731e-08            0
            0            0            0            0            0            0

            0            0            0            0            0            0
            0  -1.6185e-08  -2.6188e-08  -2.6188e-08  -1.6185e-08            0
            0  -2.6188e-08  -4.2374e-08  -4.2374e-08  -2.6188e-08            0
            0  -2.6188e-08  -4.2374e-08  -4.2374e-08  -2.6188e-08            0
            0  -1.6185e-08  -2.6188e-08  -2.6188e-08  -1.6185e-08            0
            0            0            0            0            0            0

            0            0            0            0            0            0
            0  -1.4774e-08  -2.3906e-08  -2.3906e-08  -1.4774e-08            0
            0  -2.3906e-08  -3.8680e-08  -3.8680e-08  -2.3906e-08            0
            0  -2.3906e-08  -3.8680e-08  -3.8680e-08  -2.3906e-08            0
            0  -1.4774e-08  -2.3906e-08  -2.3906e-08  -1.4774e-08            0
            0            0            0            0            0            0

            0            0            0            0            0            0
            0  -1.3487e-08  -2.1822e-08  -2.1822e-08  -1.3487e-08            0
            0  -2.1822e-08  -3.5308e-08  -3.5308e-08  -2.1822e-08            0
            0  -2.1822e-08  -3.5308e-08  -3.5308e-08  -2.1822e-08            0
            0  -1.3487e-08  -2.1822e-08  -2.1822e-08  -1.3487e-08            0
            0            0            0            0            0            0

            0            0            0            0            0            0
            0  -1.2311e-08  -1.9919e-08  -1.9919e-08  -1.2311e-08            0
            0  -1.9919e-08  -3.2230e-08  -3.2230e-08  -1.9919e-08            0
            0  -1.9919e-08  -3.2230e-08  -3.2230e-08  -1.9919e-08            0
            0  -1.2311e-08  -1.9919e-08  -1.9919e-08  -1.2311e-08            0
            0            0            0            0            0            0

            0            0            0            0            0            0
            0  -1.1238e-08  -1.8183e-08  -1.8183e-08  -1.1238e-08            0
            0  -1.8183e-08  -2.9421e-08  -2.9421e-08  -1.8183e-08            0
            0  -1.8183e-08  -2.9421e-08  -2.9421e-08  -1.8183e-08            0
            0  -1.1238e-08  -1.8183e-08  -1.8183e-08  -1.1238e-08            0
            0            0            0            0            0            0

            0            0            0            0            0            0
            0  -1.0258e-08  -1.6598e-08  -1.6598e-08  -1.0258e-08            0
            0  -1.6598e-08  -2.6856e-08  -2.6856e-08  -1.6598e-08            0
            0  -1.6598e-08  -2.6856e-08  -2.6856e-08  -1.6598e-08            0
            0  -1.0258e-08  -1.6598e-08  -1.6598e-08  -1.0258e-08            0
            0            0            0            0            0            0

            0            0            0            0            0            0
            0  -9.3639e-09  -1.5151e-08  -1.5151e-08  -9.3639e-09            0
            0  -1.5151e-08  -2.4515e-08  -2.4515e-08  -1.5151e-08            0
            0  -1.5151e-08  -2.4515e-08  -2.4515e-08  -1.5151e-08            0
            0  -9.3639e-09  -1.5151e-08  -1.5151e-08  -9.3639e-09            0
            0            0            0            0            0            0

            0            0            0            0            0            0
            0  -8.5477e-09  -1.3830e-08  -1.3830e-08  -8.5477e-09            0
            0  -1.3830e-08  -2.2378e-08  -2.2378e-08  -1.3830e-08            0
            0  -1.3830e-08  -2.2378e-08  -2.2378e-08  -1.3830e-08            0
            0  -8.5477e-09  -1.3830e-08  -1.3830e-08  -8.5477e-09            0
            0            0            0            0            0            0

            0            0            0            0            0            0
            0  -7.8025e-09  -1.2625e-08  -1.2625e-08  -7.8025e-09            0
            0  -1.2625e-08  -2.0427e-08  -2.0427e-08  -1.2625e-08            0
            0  -1.2625e-08  -2.0427e-08  -2.0427e-08  -1.2625e-08            0
            0  -7.8025e-09  -1.2625e-08  -1.2625e-08  -7.8025e-09            0
            0            0            0            0            0            0

            0            0            0            0            0            0
            0  -7.1224e-09  -1.1524e-08  -1.1524e-08  -7.1224e-09            0
            0  -1.1524e-08  -1.8647e-08  -1.8647e-08  -1.1524e-08            0
            0  -1.1524e-08  -1.8647e-08  -1.8647e-08  -1.1524e-08            0
            0  -7.1224e-09  -1.1524e-08  -1.1524e-08  -7.1224e-09            0
            0            0            0            0            0            0

            0            0            0            0            0            0
            0  -6.5015e-09  -1.0520e-08  -1.0520e-08  -6.5015e-09            0
            0  -1.0520e-08  -1.7021e-08  -1.7021e-08  -1.0520e-08            0
            0  -1.0520e-08  -1.7021e-08  -1.7021e-08  -1.0520e-08            0
            0  -6.5015e-09  -1.0520e-08  -1.0520e-08  -6.5015e-09            0
            0            0            0            0            0            0

            0            0            0            0            0            0
            0  -5.9347e-09  -9.6026e-09  -9.6026e-09  -5.9347e-09            0
            0  -9.6026e-09  -1.5537e-08  -1.5537e-08  -9.6026e-09            0
            0  -9.6026e-09  -1.5537e-08  -1.5537e-08  -9.6026e-09            0
            0  -5.9347e-09  -9.6026e-09  -9.6026e-09  -5.9347e-09            0
            0            0            0            0            0            0

            0            0            0            0            0            0
            0  -5.4174e-09  -8.7655e-09  -8.7655e-09  -5.4174e-09            0
            0  -8.7655e-09  -1.4183e-08  -1.4183e-08  -8.7655e-09            0
            0  -8.7655e-09  -1.4183e-08  -1.4183e-08  -8.7655e-09            0
            0  -5.4174e-09  -8.7655e-09  -8.7655e-09  -5.4174e-09            0
            0            0            0            0            0            0

            0            0            0            0            0            0
            0  -4.9451e-09  -8.0013e-09  -8.0013e-09  -4.9451e-09            0
            0  -8.0013e-09  -1.2946e-08  -1.2946e-08  -8.0013e-09            0
            0  -8.0013e-09  -1.2946e-08  -1.2946e-08  -8.0013e-09            0
            0  -4.9451e-09  -8.0013e-09  -8.0013e-09  -4.9451e-09            0
            0            0            0            0            0            0

            0            0            0            0            0            0
            0  -4.5140e-09  -7.3038e-09  -7.3038e-09  -4.5140e-09            0
            0  -7.3038e-09  -1.1818e-08  -1.1818e-08  -7.3038e-09            0
            0  -7.3038e-09  -1.1818e-08  -1.1818e-08  -7.3038e-09            0
            0  -4.5140e-09  -7.3038e-09  -7.3038e-09  -4.5140e-09            0
            0            0            0            0            0            0

            0            0            0            0            0            0
            0  -4.1205e-09  -6.6671e-09  -6.6671e-09  -4.1205e-09            0
            0  -6.6671e-09  -1.0788e-08  -1.0788e-08  -6.6671e-09            0
            0  -6.6671e-09  -1.0788e-08  -1.0788e-08  -6.6671e-09            0
            0  -4.1205e-09  -6.6671e-09  -6.6671e-09  -4.1205e-09            0
            0            0            0            0            0            0

            0            0            0            0            0            0
            0  -3.7613e-09  -6.0859e-09  -6.0859e-09  -3.7613e-09            0
            0  -6.0859e-09  -9.8471e-09  -9.8471e-09  -6.0859e-09            0
            0  -6.0859e-09  -9.8471e-09  -9.8471e-09  -6.0859e-09            0
            0  -3.7613e-09  -6.0859e-09  -6.0859e-09  -3.7613e-09            0
            0            0            0            0            0            0

            0            0            0            0            0            0
            0  -3.4334e-09  -5.5553e-09  -5.5553e-09  -3.4334e-09            0
            0  -5.5553e-09  -8.9887e-09  -8.9887e-09  -5.5553e-09            0
            0  -5.5553e-09  -8.9887e-09  -8.9887e-09  -5.5553e-09            0
            0  -3.4334e-09  -5.5553e-09  -5.5553e-09  -3.4334e-09            0
            0            0            0            0            0            0

            0            0            0            0            0            0
            0  -3.1340e-09  -5.0710e-09  -5.0710e-09  -3.1340e-09            0
            0  -5.0710e-09  -8.2050e-09  -8.2050e-09  -5.0710e-09            0
            0  -5.0710e-09  -8.2050e-09  -8.2050e-09  -5.0710e-09            0
            0  -3.1340e-09  -5.0710e-09  -5.0710e-09  -3.1340e-09            0
            0            0            0            0            0            0

