        0
  -0.1000
  -0.2000
  -0.3000
  -0.4000
  -0.5000
  -0.6000
  -0.7000
  -0.8000
  -0.9000
        0

        0
  -0.1072
  -0.2019
  -0.3004
  -0.3998
  -0.4987
  -0.5949
  -0.6808
  -0.7282
  -0.6321
        0

        0
  -0.1116
  -0.2041
  -0.3009
  -0.3988
  -0.4948
  -0.5830
  -0.6475
  -0.6453
  -0.4774
        0

        0
  -0.1144
  -0.2059
  -0.3011
  -0.3967
  -0.4879
  -0.5653
  -0.6075
  -0.5698
  -0.3811
        0

        0
  -0.1163
  -0.2072
  -0.3006
  -0.3930
  -0.4781
  -0.5437
  -0.5661
  -0.5057
  -0.3170
        0

        0
  -0.1174
  -0.2077
  -0.2992
  -0.3878
  -0.4660
  -0.5199
  -0.5261
  -0.4523
  -0.2716
        0

        0
  -0.1180
  -0.2075
  -0.2968
  -0.3811
  -0.4521
  -0.4951
  -0.4888
  -0.4077
  -0.2377
        0

        0
  -0.1180
  -0.2066
  -0.2933
  -0.3731
  -0.4369
  -0.4705
  -0.4546
  -0.3704
  -0.2115
        0

        0
  -0.1176
  -0.2049
  -0.2889
  -0.3640
  -0.4211
  -0.4464
  -0.4236
  -0.3387
  -0.1904
        0

        0
  -0.1167
  -0.2025
  -0.2836
  -0.3541
  -0.4049
  -0.4233
  -0.3955
  -0.3115
  -0.1731
        0

        0
  -0.1155
  -0.1995
  -0.2776
  -0.3436
  -0.3887
  -0.4013
  -0.3700
  -0.2879
  -0.1585
        0

        0
  -0.1138
  -0.1960
  -0.2710
  -0.3327
  -0.3727
  -0.3806
  -0.3470
  -0.2672
  -0.1460
        0

        0
  -0.1119
  -0.1919
  -0.2639
  -0.3216
  -0.3570
  -0.3610
  -0.3260
  -0.2489
  -0.1352
        0

        0
  -0.1097
  -0.1875
  -0.2564
  -0.3103
  -0.3417
  -0.3426
  -0.3068
  -0.2326
  -0.1258
        0

        0
  -0.1072
  -0.1827
  -0.2486
  -0.2991
  -0.3270
  -0.3254
  -0.2892
  -0.2179
  -0.1174
        0

        0
  -0.1046
  -0.1777
  -0.2407
  -0.2879
  -0.3127
  -0.3091
  -0.2731
  -0.2047
  -0.1099
        0

        0
  -0.1017
  -0.1724
  -0.2327
  -0.2769
  -0.2991
  -0.2939
  -0.2582
  -0.1927
  -0.1031
        0

        0
  -0.0988
  -0.1671
  -0.2246
  -0.2661
  -0.2859
  -0.2795
  -0.2444
  -0.1817
  -0.0970
        0

        0
  -0.0958
  -0.1616
  -0.2166
  -0.2555
  -0.2733
  -0.2660
  -0.2316
  -0.1716
  -0.0914
        0

        0
  -0.0927
  -0.1562
  -0.2087
  -0.2453
  -0.2613
  -0.2532
  -0.2197
  -0.1623
  -0.0863
        0

        0
  -0.0897
  -0.1507
  -0.2008
  -0.2353
  -0.2498
  -0.2412
  -0.2085
  -0.1537
  -0.0815
        0

        0
  -0.0866
  -0.1453
  -0.1931
  -0.2256
  -0.2387
  -0.2298
  -0.1981
  -0.1457
  -0.0772
        0

        0
  -0.0835
  -0.1399
  -0.1856
  -0.2163
  -0.2282
  -0.2191
  -0.1884
  -0.1382
  -0.0731
        0

        0
  -0.0804
  -0.1346
  -0.1783
  -0.2072
  -0.2181
  -0.2089
  -0.1792
  -0.1313
  -0.0694
        0

        0
  -0.0774
  -0.1294
  -0.1711
  -0.1985
  -0.2085
  -0.1992
  -0.1706
  -0.1248
  -0.0659
        0

        0
  -0.0745
  -0.1244
  -0.1642
  -0.1901
  -0.1993
  -0.1900
  -0.1625
  -0.1186
  -0.0626
        0

        0
  -0.0716
  -0.1195
  -0.1575
  -0.1821
  -0.1905
  -0.1813
  -0.1548
  -0.1129
  -0.0595
        0

        0
  -0.0687
  -0.1147
  -0.1510
  -0.1743
  -0.1821
  -0.1731
  -0.1475
  -0.1075
  -0.0566
        0

        0
  -0.0660
  -0.1100
  -0.1447
  -0.1668
  -0.1741
  -0.1652
  -0.1407
  -0.1024
  -0.0539
        0

        0
  -0.0633
  -0.1055
  -0.1386
  -0.1597
  -0.1664
  -0.1578
  -0.1342
  -0.0976
  -0.0514
        0

        0
  -0.0607
  -0.1011
  -0.1328
  -0.1528
  -0.1591
  -0.1506
  -0.1280
  -0.0930
  -0.0489
        0

        0
  -0.0582
  -0.0969
  -0.1272
  -0.1462
  -0.1520
  -0.1439
  -0.1221
  -0.0887
  -0.0466
        0

        0
  -0.0558
  -0.0929
  -0.1218
  -0.1399
  -0.1453
  -0.1374
  -0.1166
  -0.0846
  -0.0445
        0

        0
  -0.0535
  -0.0890
  -0.1166
  -0.1338
  -0.1389
  -0.1313
  -0.1113
  -0.0807
  -0.0424
        0

        0
  -0.0512
  -0.0852
  -0.1116
  -0.1280
  -0.1328
  -0.1254
  -0.1063
  -0.0771
  -0.0405
        0

        0
  -0.0491
  -0.0816
  -0.1068
  -0.1225
  -0.1270
  -0.1198
  -0.1015
  -0.0736
  -0.0386
        0

        0
  -0.0470
  -0.0781
  -0.1022
  -0.1171
  -0.1214
  -0.1145
  -0.0969
  -0.0702
  -0.0369
        0

        0
  -0.0450
  -0.0747
  -0.0978
  -0.1120
  -0.1161
  -0.1094
  -0.0926
  -0.0671
  -0.0352
        0

        0
  -0.0431
  -0.0715
  -0.0936
  -0.1071
  -0.1109
  -0.1045
  -0.0884
  -0.0640
  -0.0336
        0

        0
  -0.0412
  -0.0684
  -0.0895
  -0.1025
  -0.1061
  -0.0999
  -0.0845
  -0.0612
  -0.0321
        0

        0
  -0.0395
  -0.0655
  -0.0856
  -0.0980
  -0.1014
  -0.0955
  -0.0807
  -0.0584
  -0.0307
        0

        0
  -0.0377
  -0.0627
  -0.0819
  -0.0937
  -0.0969
  -0.0913
  -0.0771
  -0.0558
  -0.0293
        0

        0
  -0.0361
  -0.0599
  -0.0783
  -0.0896
  -0.0927
  -0.0872
  -0.0737
  -0.0533
  -0.0280
        0

        0
  -0.0346
  -0.0573
  -0.0749
  -0.0857
  -0.0886
  -0.0834
  -0.0704
  -0.0510
  -0.0267
        0

        0
  -0.0331
  -0.0549
  -0.0717
  -0.0819
  -0.0847
  -0.0797
  -0.0673
  -0.0487
  -0.0255
        0

        0
  -0.0316
  -0.0525
  -0.0685
  -0.0783
  -0.0810
  -0.0762
  -0.0643
  -0.0465
  -0.0244
        0

        0
  -0.0302
  -0.0502
  -0.0655
  -0.0749
  -0.0774
  -0.0728
  -0.0615
  -0.0445
  -0.0233
        0

        0
  -0.0289
  -0.0480
  -0.0627
  -0.0716
  -0.0740
  -0.0696
  -0.0588
  -0.0425
  -0.0223
        0

        0
  -0.0277
  -0.0459
  -0.0599
  -0.0685
  -0.0708
  -0.0665
  -0.0562
  -0.0406
  -0.0213
        0

        0
  -0.0265
  -0.0439
  -0.0573
  -0.0655
  -0.0677
  -0.0636
  -0.0537
  -0.0388
  -0.0204
        0

        0
  -0.0253
  -0.0420
  -0.0548
  -0.0626
  -0.0647
  -0.0608
  -0.0513
  -0.0371
  -0.0195
        0

        0
  -0.0242
  -0.0401
  -0.0524
  -0.0599
  -0.0618
  -0.0581
  -0.0491
  -0.0355
  -0.0186
        0

        0
  -0.0231
  -0.0384
  -0.0501
  -0.0572
  -0.0591
  -0.0556
  -0.0469
  -0.0339
  -0.0178
        0

        0
  -0.0221
  -0.0367
  -0.0479
  -0.0547
  -0.0565
  -0.0531
  -0.0448
  -0.0324
  -0.0170
        0

        0
  -0.0212
  -0.0351
  -0.0458
  -0.0523
  -0.0540
  -0.0508
  -0.0429
  -0.0310
  -0.0162
        0

        0
  -0.0202
  -0.0336
  -0.0438
  -0.0500
  -0.0517
  -0.0485
  -0.0410
  -0.0296
  -0.0155
        0

        0
  -0.0193
  -0.0321
  -0.0419
  -0.0478
  -0.0494
  -0.0464
  -0.0392
  -0.0283
  -0.0148
        0

        0
  -0.0185
  -0.0307
  -0.0400
  -0.0457
  -0.0472
  -0.0444
  -0.0374
  -0.0271
  -0.0142
        0

        0
  -0.0177
  -0.0293
  -0.0383
  -0.0437
  -0.0451
  -0.0424
  -0.0358
  -0.0259
  -0.0136
        0

        0
  -0.0169
  -0.0280
  -0.0366
  -0.0418
  -0.0432
  -0.0406
  -0.0342
  -0.0247
  -0.0130
        0

        0
  -0.0162
  -0.0268
  -0.0350
  -0.0400
  -0.0413
  -0.0388
  -0.0327
  -0.0236
  -0.0124
        0

        0
  -0.0155
  -0.0256
  -0.0335
  -0.0382
  -0.0395
  -0.0371
  -0.0313
  -0.0226
  -0.0118
        0

        0
  -0.0148
  -0.0245
  -0.0320
  -0.0365
  -0.0377
  -0.0354
  -0.0299
  -0.0216
  -0.0113
        0

        0
  -0.0141
  -0.0234
  -0.0306
  -0.0349
  -0.0361
  -0.0339
  -0.0286
  -0.0207
  -0.0108
        0

        0
  -0.0135
  -0.0224
  -0.0292
  -0.0334
  -0.0345
  -0.0324
  -0.0273
  -0.0197
  -0.0103
        0

        0
  -0.0129
  -0.0214
  -0.0280
  -0.0319
  -0.0330
  -0.0310
  -0.0261
  -0.0189
  -0.0099
        0

        0
  -0.0124
  -0.0205
  -0.0267
  -0.0305
  -0.0315
  -0.0296
  -0.0250
  -0.0180
  -0.0095
        0

        0
  -0.0118
  -0.0196
  -0.0256
  -0.0292
  -0.0301
  -0.0283
  -0.0239
  -0.0173
  -0.0090
        0

        0
  -0.0113
  -0.0187
  -0.0244
  -0.0279
  -0.0288
  -0.0271
  -0.0228
  -0.0165
  -0.0086
        0

        0
  -0.0108
  -0.0179
  -0.0234
  -0.0267
  -0.0275
  -0.0259
  -0.0218
  -0.0158
  -0.0083
        0

        0
  -0.0103
  -0.0171
  -0.0223
  -0.0255
  -0.0263
  -0.0247
  -0.0209
  -0.0151
  -0.0079
        0

        0
  -0.0099
  -0.0164
  -0.0214
  -0.0244
  -0.0252
  -0.0236
  -0.0199
  -0.0144
  -0.0076
        0

        0
  -0.0094
  -0.0156
  -0.0204
  -0.0233
  -0.0241
  -0.0226
  -0.0191
  -0.0138
  -0.0072
        0

        0
  -0.0090
  -0.0150
  -0.0195
  -0.0223
  -0.0230
  -0.0216
  -0.0182
  -0.0132
  -0.0069
        0

        0
  -0.0086
  -0.0143
  -0.0187
  -0.0213
  -0.0220
  -0.0207
  -0.0174
  -0.0126
  -0.0066
        0

        0
  -0.0082
  -0.0137
  -0.0178
  -0.0204
  -0.0210
  -0.0198
  -0.0167
  -0.0120
  -0.0063
        0

        0
  -0.0079
  -0.0131
  -0.0171
  -0.0195
  -0.0201
  -0.0189
  -0.0159
  -0.0115
  -0.0060
        0

        0
  -0.0075
  -0.0125
  -0.0163
  -0.0186
  -0.0192
  -0.0181
  -0.0152
  -0.0110
  -0.0058
        0

        0
  -0.0072
  -0.0119
  -0.0156
  -0.0178
  -0.0184
  -0.0173
  -0.0146
  -0.0105
  -0.0055
        0

        0
  -0.0069
  -0.0114
  -0.0149
  -0.0170
  -0.0176
  -0.0165
  -0.0139
  -0.0101
  -0.0053
        0

        0
  -0.0066
  -0.0109
  -0.0143
  -0.0163
  -0.0168
  -0.0158
  -0.0133
  -0.0096
  -0.0050
        0

        0
  -0.0063
  -0.0104
  -0.0136
  -0.0156
  -0.0161
  -0.0151
  -0.0127
  -0.0092
  -0.0048
        0

        0
  -0.0060
  -0.0100
  -0.0130
  -0.0149
  -0.0154
  -0.0144
  -0.0122
  -0.0088
  -0.0046
        0

        0
  -0.0058
  -0.0095
  -0.0125
  -0.0142
  -0.0147
  -0.0138
  -0.0116
  -0.0084
  -0.0044
        0

        0
  -0.0055
  -0.0091
  -0.0119
  -0.0136
  -0.0140
  -0.0132
  -0.0111
  -0.0080
  -0.0042
        0

        0
  -0.0053
  -0.0087
  -0.0114
  -0.0130
  -0.0134
  -0.0126
  -0.0106
  -0.0077
  -0.0040
        0

        0
  -0.0050
  -0.0083
  -0.0109
  -0.0124
  -0.0128
  -0.0121
  -0.0102
  -0.0073
  -0.0038
        0

        0
  -0.0048
  -0.0080
  -0.0104
  -0.0119
  -0.0123
  -0.0115
  -0.0097
  -0.0070
  -0.0037
        0

        0
  -0.0046
  -0.0076
  -0.0099
  -0.0114
  -0.0117
  -0.0110
  -0.0093
  -0.0067
  -0.0035
        0

        0
  -0.0044
  -0.0073
  -0.0095
  -0.0109
  -0.0112
  -0.0105
  -0.0089
  -0.0064
  -0.0034
        0

        0
  -0.0042
  -0.0070
  -0.0091
  -0.0104
  -0.0107
  -0.0101
  -0.0085
  -0.0061
  -0.0032
        0

        0
  -0.0040
  -0.0067
  -0.0087
  -0.0099
  -0.0102
  -0.0096
  -0.0081
  -0.0059
  -0.0031
        0

        0
  -0.0038
  -0.0064
  -0.0083
  -0.0095
  -0.0098
  -0.0092
  -0.0078
  -0.0056
  -0.0029
        0

        0
  -0.0037
  -0.0061
  -0.0079
  -0.0091
  -0.0094
  -0.0088
  -0.0074
  -0.0054
  -0.0028
        0

        0
  -0.0035
  -0.0058
  -0.0076
  -0.0087
  -0.0090
  -0.0084
  -0.0071
  -0.0051
  -0.0027
        0

        0
  -0.0034
  -0.0056
  -0.0073
  -0.0083
  -0.0086
  -0.0080
  -0.0068
  -0.0049
  -0.0026
        0

        0
  -0.0032
  -0.0053
  -0.0069
  -0.0079
  -0.0082
  -0.0077
  -0.0065
  -0.0047
  -0.0025
        0

        0
  -0.0031
  -0.0051
  -0.0066
  -0.0076
  -0.0078
  -0.0074
  -0.0062
  -0.0045
  -0.0023
        0

        0
  -0.0029
  -0.0049
  -0.0063
  -0.0072
  -0.0075
  -0.0070
  -0.0059
  -0.0043
  -0.0022
        0

        0
  -0.0028
  -0.0047
  -0.0061
  -0.0069
  -0.0072
  -0.0067
  -0.0057
  -0.0041
  -0.0021
        0

        0
  -0.0027
  -0.0044
  -0.0058
  -0.0066
  -0.0068
  -0.0064
  -0.0054
  -0.0039
  -0.0021
        0

        0
  -0.0026
  -0.0043
  -0.0055
  -0.0063
  -0.0065
  -0.0061
  -0.0052
  -0.0037
  -0.0020
        0

        0
  -0.0025
  -0.0041
  -0.0053
  -0.0061
  -0.0063
  -0.0059
  -0.0050
  -0.0036
  -0.0019
        0

        0
  -0.0023
  -0.0039
  -0.0051
  -0.0058
  -0.0060
  -0.0056
  -0.0047
  -0.0034
  -0.0018
        0

        0
  -0.0022
  -0.0037
  -0.0048
  -0.0055
  -0.0057
  -0.0054
  -0.0045
  -0.0033
  -0.0017
        0

        0
  -0.0021
  -0.0036
  -0.0046
  -0.0053
  -0.0055
  -0.0051
  -0.0043
  -0.0031
  -0.0016
        0

        0
  -0.0020
  -0.0034
  -0.0044
  -0.0051
  -0.0052
  -0.0049
  -0.0041
  -0.0030
  -0.0016
        0

        0
  -0.0020
  -0.0032
  -0.0042
  -0.0048
  -0.0050
  -0.0047
  -0.0040
  -0.0029
  -0.0015
        0

        0
  -0.0019
  -0.0031
  -0.0041
  -0.0046
  -0.0048
  -0.0045
  -0.0038
  -0.0027
  -0.0014
        0

        0
  -0.0018
  -0.0030
  -0.0039
  -0.0044
  -0.0046
  -0.0043
  -0.0036
  -0.0026
  -0.0014
        0

        0
  -0.0017
  -0.0028
  -0.0037
  -0.0042
  -0.0044
  -0.0041
  -0.0035
  -0.0025
  -0.0013
        0

        0
  -0.0016
  -0.0027
  -0.0035
  -0.0040
  -0.0042
  -0.0039
  -0.0033
  -0.0024
  -0.0013
        0

        0
  -0.0016
  -0.0026
  -0.0034
  -0.0039
  -0.0040
  -0.0037
  -0.0032
  -0.0023
  -0.0012
        0

        0
  -0.0015
  -0.0025
  -0.0032
  -0.0037
  -0.0038
  -0.0036
  -0.0030
  -0.0022
  -0.0011
        0

        0
  -0.0014
  -0.0024
  -0.0031
  -0.0035
  -0.0036
  -0.0034
  -0.0029
  -0.0021
  -0.0011
        0

        0
  -0.0014
  -0.0023
  -0.0030
  -0.0034
  -0.0035
  -0.0033
  -0.0028
  -0.0020
  -0.0010
        0

        0
  -0.0013
  -0.0022
  -0.0028
  -0.0032
  -0.0033
  -0.0031
  -0.0026
  -0.0019
  -0.0010
        0

        0
  -0.0012
  -0.0021
  -0.0027
  -0.0031
  -0.0032
  -0.0030
  -0.0025
  -0.0018
  -0.0010
        0

        0
  -0.0012
  -0.0020
  -0.0026
  -0.0030
  -0.0030
  -0.0029
  -0.0024
  -0.0017
  -0.0009
        0

        0
  -0.0011
  -0.0019
  -0.0025
  -0.0028
  -0.0029
  -0.0027
  -0.0023
  -0.0017
  -0.0009
        0

        0
  -0.0011
  -0.0018
  -0.0024
  -0.0027
  -0.0028
  -0.0026
  -0.0022
  -0.0016
  -0.0008
        0

        0
  -0.0010
  -0.0017
  -0.0023
  -0.0026
  -0.0027
  -0.0025
  -0.0021
  -0.0015
  -0.0008
        0

        0
  -0.0010
  -0.0017
  -0.0022
  -0.0025
  -0.0025
  -0.0024
  -0.0020
  -0.0015
  -0.0008
        0

        0
  -0.0010
  -0.0016
  -0.0021
  -0.0024
  -0.0024
  -0.0023
  -0.0019
  -0.0014
  -0.0007
        0

        0
  -0.0009
  -0.0015
  -0.0020
  -0.0023
  -0.0023
  -0.0022
  -0.0018
  -0.0013
  -0.0007
        0

        0
  -0.0009
  -0.0014
  -0.0019
  -0.0022
  -0.0022
  -0.0021
  -0.0018
  -0.0013
  -0.0007
        0

        0
  -0.0008
  -0.0014
  -0.0018
  -0.0021
  -0.0021
  -0.0020
  -0.0017
  -0.0012
  -0.0006
        0

        0
  -0.0008
  -0.0013
  -0.0017
  -0.0020
  -0.0020
  -0.0019
  -0.0016
  -0.0012
  -0.0006
        0

        0
  -0.0008
  -0.0013
  -0.0016
  -0.0019
  -0.0019
  -0.0018
  -0.0015
  -0.0011
  -0.0006
        0

        0
  -0.0007
  -0.0012
  -0.0016
  -0.0018
  -0.0019
  -0.0017
  -0.0015
  -0.0011
  -0.0006
        0

        0
  -0.0007
  -0.0012
  -0.0015
  -0.0017
  -0.0018
  -0.0017
  -0.0014
  -0.0010
  -0.0005
        0

        0
  -0.0007
  -0.0011
  -0.0014
  -0.0016
  -0.0017
  -0.0016
  -0.0013
  -0.0010
  -0.0005
        0

        0
  -0.0006
  -0.0011
  -0.0014
  -0.0016
  -0.0016
  -0.0015
  -0.0013
  -0.0009
  -0.0005
        0

        0
  -0.0006
  -0.0010
  -0.0013
  -0.0015
  -0.0016
  -0.0015
  -0.0012
  -0.0009
  -0.0005
        0

        0
  -0.0006
  -0.0010
  -0.0013
  -0.0014
  -0.0015
  -0.0014
  -0.0012
  -0.0008
  -0.0004
        0

        0
  -0.0006
  -0.0009
  -0.0012
  -0.0014
  -0.0014
  -0.0013
  -0.0011
  -0.0008
  -0.0004
        0

        0
  -0.0005
  -0.0009
  -0.0012
  -0.0013
  -0.0014
  -0.0013
  -0.0011
  -0.0008
  -0.0004
        0

        0
  -0.0005
  -0.0008
  -0.0011
  -0.0013
  -0.0013
  -0.0012
  -0.0010
  -0.0007
  -0.0004
        0

        0
  -0.0005
  -0.0008
  -0.0011
  -0.0012
  -0.0012
  -0.0012
  -0.0010
  -0.0007
  -0.0004
        0

        0
  -0.0005
  -0.0008
  -0.0010
  -0.0011
  -0.0012
  -0.0011
  -0.0009
  -0.0007
  -0.0004
        0

        0
  -0.0004
  -0.0007
  -0.0010
  -0.0011
  -0.0011
  -0.0011
  -0.0009
  -0.0006
  -0.0003
        0

        0
  -0.0004
  -0.0007
  -0.0009
  -0.0010
  -0.0011
  -0.0010
  -0.0009
  -0.0006
  -0.0003
        0

        0
  -0.0004
  -0.0007
  -0.0009
  -0.0010
  -0.0010
  -0.0010
  -0.0008
  -0.0006
  -0.0003
        0

        0
  -0.0004
  -0.0006
  -0.0008
  -0.0010
  -0.0010
  -0.0009
  -0.0008
  -0.0006
  -0.0003
        0

        0
  -0.0004
  -0.0006
  -0.0008
  -0.0009
  -0.0009
  -0.0009
  -0.0008
  -0.0005
  -0.0003
        0

        0
  -0.0004
  -0.0006
  -0.0008
  -0.0009
  -0.0009
  -0.0009
  -0.0007
  -0.0005
  -0.0003
        0

        0
  -0.0003
  -0.0006
  -0.0007
  -0.0008
  -0.0009
  -0.0008
  -0.0007
  -0.0005
  -0.0003
        0

        0
  -0.0003
  -0.0005
  -0.0007
  -0.0008
  -0.0008
  -0.0008
  -0.0007
  -0.0005
  -0.0002
        0

        0
  -0.0003
  -0.0005
  -0.0007
  -0.0008
  -0.0008
  -0.0007
  -0.0006
  -0.0005
  -0.0002
        0

        0
  -0.0003
  -0.0005
  -0.0006
  -0.0007
  -0.0008
  -0.0007
  -0.0006
  -0.0004
  -0.0002
        0

        0
  -0.0003
  -0.0005
  -0.0006
  -0.0007
  -0.0007
  -0.0007
  -0.0006
  -0.0004
  -0.0002
        0

        0
  -0.0003
  -0.0004
  -0.0006
  -0.0007
  -0.0007
  -0.0006
  -0.0005
  -0.0004
  -0.0002
        0

        0
  -0.0003
  -0.0004
  -0.0006
  -0.0006
  -0.0007
  -0.0006
  -0.0005
  -0.0004
  -0.0002
        0

        0
  -0.0002
  -0.0004
  -0.0005
  -0.0006
  -0.0006
  -0.0006
  -0.0005
  -0.0004
  -0.0002
        0

        0
  -0.0002
  -0.0004
  -0.0005
  -0.0006
  -0.0006
  -0.0006
  -0.0005
  -0.0003
  -0.0002
        0

        0
  -0.0002
  -0.0004
  -0.0005
  -0.0006
  -0.0006
  -0.0005
  -0.0005
  -0.0003
  -0.0002
        0

        0
  -0.0002
  -0.0004
  -0.0005
  -0.0005
  -0.0006
  -0.0005
  -0.0004
  -0.0003
  -0.0002
        0

        0
  -0.0002
  -0.0003
  -0.0004
  -0.0005
  -0.0005
  -0.0005
  -0.0004
  -0.0003
  -0.0002
        0

        0
  -0.0002
  -0.0003
  -0.0004
  -0.0005
  -0.0005
  -0.0005
  -0.0004
  -0.0003
  -0.0002
        0

        0
  -0.0002
  -0.0003
  -0.0004
  -0.0005
  -0.0005
  -0.0005
  -0.0004
  -0.0003
  -0.0001
        0

        0
  -0.0002
  -0.0003
  -0.0004
  -0.0004
  -0.0005
  -0.0004
  -0.0004
  -0.0003
  -0.0001
        0

        0
  -0.0002
  -0.0003
  -0.0004
  -0.0004
  -0.0004
  -0.0004
  -0.0003
  -0.0003
  -0.0001
        0

        0
  -0.0002
  -0.0003
  -0.0004
  -0.0004
  -0.0004
  -0.0004
  -0.0003
  -0.0002
  -0.0001
        0

        0
  -0.0002
  -0.0003
  -0.0003
  -0.0004
  -0.0004
  -0.0004
  -0.0003
  -0.0002
  -0.0001
        0

        0
  -0.0002
  -0.0003
  -0.0003
  -0.0004
  -0.0004
  -0.0004
  -0.0003
  -0.0002
  -0.0001
        0

        0
  -0.0001
  -0.0002
  -0.0003
  -0.0004
  -0.0004
  -0.0003
  -0.0003
  -0.0002
  -0.0001
        0

        0
  -0.0001
  -0.0002
  -0.0003
  -0.0003
  -0.0004
  -0.0003
  -0.0003
  -0.0002
  -0.0001
        0

        0
  -0.0001
  -0.0002
  -0.0003
  -0.0003
  -0.0003
  -0.0003
  -0.0003
  -0.0002
  -0.0001
        0

            0
  -1.2631e-04
  -2.0943e-04
  -2.7331e-04
  -3.1206e-04
  -3.2212e-04
  -3.0258e-04
  -2.5523e-04
  -1.8441e-04
  -9.6649e-05
            0

            0
  -1.2076e-04
  -2.0023e-04
  -2.6130e-04
  -2.9835e-04
  -3.0797e-04
  -2.8929e-04
  -2.4401e-04
  -1.7631e-04
  -9.2402e-05
            0

            0
  -1.1545e-04
  -1.9143e-04
  -2.4982e-04
  -2.8524e-04
  -2.9444e-04
  -2.7658e-04
  -2.3329e-04
  -1.6856e-04
  -8.8342e-05
            0

            0
  -1.1038e-04
  -1.8302e-04
  -2.3884e-04
  -2.7270e-04
  -2.8150e-04
  -2.6442e-04
  -2.2304e-04
  -1.6116e-04
  -8.4460e-05
            0

            0
  -1.0553e-04
  -1.7498e-04
  -2.2834e-04
  -2.6072e-04
  -2.6913e-04
  -2.5280e-04
  -2.1324e-04
  -1.5408e-04
  -8.0749e-05
            0

            0
  -1.0089e-04
  -1.6729e-04
  -2.1831e-04
  -2.4926e-04
  -2.5731e-04
  -2.4170e-04
  -2.0387e-04
  -1.4731e-04
  -7.7201e-05
            0

            0
  -9.6461e-05
  -1.5994e-04
  -2.0872e-04
  -2.3831e-04
  -2.4600e-04
  -2.3108e-04
  -1.9491e-04
  -1.4083e-04
  -7.3809e-05
            0

            0
  -9.2223e-05
  -1.5291e-04
  -1.9955e-04
  -2.2784e-04
  -2.3519e-04
  -2.2092e-04
  -1.8635e-04
  -1.3465e-04
  -7.0566e-05
            0

            0
  -8.8171e-05
  -1.4619e-04
  -1.9078e-04
  -2.1783e-04
  -2.2486e-04
  -2.1122e-04
  -1.7816e-04
  -1.2873e-04
  -6.7465e-05
            0

            0
  -8.4297e-05
  -1.3977e-04
  -1.8240e-04
  -2.0826e-04
  -2.1498e-04
  -2.0194e-04
  -1.7033e-04
  -1.2307e-04
  -6.4501e-05
            0

            0
  -8.0593e-05
  -1.3363e-04
  -1.7438e-04
  -1.9911e-04
  -2.0553e-04
  -1.9306e-04
  -1.6285e-04
  -1.1767e-04
  -6.1667e-05
            0

            0
  -7.7051e-05
  -1.2776e-04
  -1.6672e-04
  -1.9036e-04
  -1.9650e-04
  -1.8458e-04
  -1.5569e-04
  -1.1250e-04
  -5.8957e-05
            0

            0
  -7.3666e-05
  -1.2214e-04
  -1.5940e-04
  -1.8199e-04
  -1.8787e-04
  -1.7647e-04
  -1.4885e-04
  -1.0755e-04
  -5.6367e-05
            0

            0
  -7.0429e-05
  -1.1678e-04
  -1.5239e-04
  -1.7400e-04
  -1.7961e-04
  -1.6872e-04
  -1.4231e-04
  -1.0283e-04
  -5.3890e-05
            0

            0
  -6.7334e-05
  -1.1165e-04
  -1.4570e-04
  -1.6635e-04
  -1.7172e-04
  -1.6130e-04
  -1.3606e-04
  -9.8308e-05
  -5.1522e-05
            0

            0
  -6.4376e-05
  -1.0674e-04
  -1.3929e-04
  -1.5904e-04
  -1.6417e-04
  -1.5421e-04
  -1.3008e-04
  -9.3989e-05
  -4.9258e-05
            0

            0
  -6.1547e-05
  -1.0205e-04
  -1.3317e-04
  -1.5206e-04
  -1.5696e-04
  -1.4744e-04
  -1.2436e-04
  -8.9859e-05
  -4.7094e-05
            0

            0
  -5.8843e-05
  -9.7566e-05
  -1.2732e-04
  -1.4537e-04
  -1.5006e-04
  -1.4096e-04
  -1.1890e-04
  -8.5910e-05
  -4.5025e-05
            0

            0
  -5.6257e-05
  -9.3279e-05
  -1.2173e-04
  -1.3899e-04
  -1.4347e-04
  -1.3477e-04
  -1.1368e-04
  -8.2136e-05
  -4.3046e-05
            0

            0
  -5.3785e-05
  -8.9181e-05
  -1.1638e-04
  -1.3288e-04
  -1.3717e-04
  -1.2884e-04
  -1.0868e-04
  -7.8527e-05
  -4.1155e-05
            0

            0
  -5.1422e-05
  -8.5262e-05
  -1.1126e-04
  -1.2704e-04
  -1.3114e-04
  -1.2318e-04
  -1.0391e-04
  -7.5076e-05
  -3.9346e-05
            0

            0
  -4.9163e-05
  -8.1516e-05
  -1.0638e-04
  -1.2146e-04
  -1.2538e-04
  -1.1777e-04
  -9.9340e-05
  -7.1777e-05
  -3.7618e-05
            0

            0
  -4.7002e-05
  -7.7934e-05
  -1.0170e-04
  -1.1612e-04
  -1.1987e-04
  -1.1260e-04
  -9.4975e-05
  -6.8624e-05
  -3.5965e-05
            0

            0
  -4.4937e-05
  -7.4510e-05
  -9.7233e-05
  -1.1102e-04
  -1.1460e-04
  -1.0765e-04
  -9.0802e-05
  -6.5608e-05
  -3.4384e-05
            0

            0
  -4.2963e-05
  -7.1236e-05
  -9.2961e-05
  -1.0614e-04
  -1.0957e-04
  -1.0292e-04
  -8.6812e-05
  -6.2726e-05
  -3.2874e-05
            0

            0
  -4.1075e-05
  -6.8106e-05
  -8.8876e-05
  -1.0148e-04
  -1.0475e-04
  -9.8397e-05
  -8.2997e-05
  -5.9969e-05
  -3.1429e-05
            0

            0
  -3.9270e-05
  -6.5113e-05
  -8.4971e-05
  -9.7019e-05
  -1.0015e-04
  -9.4073e-05
  -7.9351e-05
  -5.7334e-05
  -3.0048e-05
            0

            0
  -3.7545e-05
  -6.2252e-05
  -8.1237e-05
  -9.2756e-05
  -9.5748e-05
  -8.9940e-05
  -7.5864e-05
  -5.4815e-05
  -2.8728e-05
            0

            0
  -3.5895e-05
  -5.9517e-05
  -7.7668e-05
  -8.8680e-05
  -9.1541e-05
  -8.5988e-05
  -7.2531e-05
  -5.2407e-05
  -2.7466e-05
            0

            0
  -3.4318e-05
  -5.6902e-05
  -7.4255e-05
  -8.4784e-05
  -8.7519e-05
  -8.2209e-05
  -6.9344e-05
  -5.0104e-05
  -2.6259e-05
            0

            0
  -3.2810e-05
  -5.4401e-05
  -7.0993e-05
  -8.1058e-05
  -8.3673e-05
  -7.8597e-05
  -6.6297e-05
  -4.7902e-05
  -2.5105e-05
            0

            0
  -3.1368e-05
  -5.2011e-05
  -6.7873e-05
  -7.7497e-05
  -7.9997e-05
  -7.5144e-05
  -6.3384e-05
  -4.5798e-05
  -2.4002e-05
            0

            0
  -2.9990e-05
  -4.9726e-05
  -6.4891e-05
  -7.4091e-05
  -7.6482e-05
  -7.1842e-05
  -6.0599e-05
  -4.3785e-05
  -2.2947e-05
            0

