            0
  -2.0594e-05
  -3.6012e-05
  -5.1389e-05
  -6.6710e-05
  -8.1961e-05
  -9.7125e-05
  -1.1219e-04
  -1.2714e-04
  -1.4196e-04
  -1.5663e-04
  -1.7115e-04
  -1.8549e-04
  -1.9964e-04
  -2.1360e-04
  -2.2734e-04
  -2.4085e-04
  -2.5412e-04
  -2.6714e-04
  -2.7989e-04
  -2.9236e-04
  -3.0454e-04
  -3.1642e-04
  -3.2799e-04
  -3.3922e-04
  -3.5013e-04
  -3.6068e-04
  -3.7088e-04
  -3.8071e-04
  -3.9016e-04
  -3.9923e-04
  -4.0790e-04
  -4.1617e-04
  -4.2403e-04
  -4.3147e-04
  -4.3849e-04
  -4.4507e-04
  -4.5121e-04
  -4.5691e-04
  -4.6216e-04
  -4.6696e-04
  -4.7129e-04
  -4.7517e-04
  -4.7857e-04
  -4.8150e-04
  -4.8397e-04
  -4.8595e-04
  -4.8746e-04
  -4.8849e-04
  -4.8904e-04
  -4.8912e-04
  -4.8871e-04
  -4.8782e-04
  -4.8646e-04
  -4.8462e-04
  -4.8230e-04
  -4.7952e-04
  -4.7626e-04
  -4.7254e-04
  -4.6836e-04
  -4.6372e-04
  -4.5862e-04
  -4.5308e-04
  -4.4710e-04
  -4.4068e-04
  -4.3383e-04
  -4.2656e-04
  -4.1887e-04
  -4.1077e-04
  -4.0228e-04
  -3.9339e-04
  -3.8412e-04
  -3.7448e-04
  -3.6448e-04
  -3.5412e-04
  -3.4341e-04
  -3.3238e-04
  -3.2102e-04
  -3.0935e-04
  -2.9739e-04
  -2.8513e-04
  -2.7260e-04
  -2.5981e-04
  -2.4677e-04
  -2.3349e-04
  -2.1999e-04
  -2.0627e-04
  -1.9236e-04
  -1.7827e-04
  -1.6400e-04
  -1.4958e-04
  -1.3502e-04
  -1.2033e-04
  -1.0553e-04
  -9.0633e-05
  -7.5650e-05
  -6.0599e-05
  -4.5493e-05
  -3.0348e-05
  -1.5179e-05
            0
