            0
  -1.4668e-06
  -2.5655e-06
  -3.6616e-06
  -4.7542e-06
  -5.8421e-06
  -6.9243e-06
  -7.9997e-06
  -9.0672e-06
  -1.0126e-05
  -1.1175e-05
  -1.2212e-05
  -1.3238e-05
  -1.4251e-05
  -1.5250e-05
  -1.6234e-05
  -1.7202e-05
  -1.8153e-05
  -1.9086e-05
  -2.0001e-05
  -2.0896e-05
  -2.1770e-05
  -2.2624e-05
  -2.3455e-05
  -2.4263e-05
  -2.5047e-05
  -2.5806e-05
  -2.6541e-05
  -2.7249e-05
  -2.7931e-05
  -2.8585e-05
  -2.9211e-05
  -2.9809e-05
  -3.0377e-05
  -3.0916e-05
  -3.1424e-05
  -3.1902e-05
  -3.2348e-05
  -3.2762e-05
  -3.3145e-05
  -3.3495e-05
  -3.3812e-05
  -3.4096e-05
  -3.4346e-05
  -3.4563e-05
  -3.4746e-05
  -3.4895e-05
  -3.5009e-05
  -3.5090e-05
  -3.5136e-05
  -3.5147e-05
  -3.5124e-05
  -3.5067e-05
  -3.4975e-05
  -3.4849e-05
  -3.4689e-05
  -3.4494e-05
  -3.4266e-05
  -3.4005e-05
  -3.3710e-05
  -3.3382e-05
  -3.3021e-05
  -3.2628e-05
  -3.2203e-05
  -3.1746e-05
  -3.1258e-05
  -3.0740e-05
  -3.0191e-05
  -2.9613e-05
  -2.9006e-05
  -2.8370e-05
  -2.7707e-05
  -2.7016e-05
  -2.6299e-05
  -2.5556e-05
  -2.4788e-05
  -2.3996e-05
  -2.3180e-05
  -2.2342e-05
  -2.1481e-05
  -2.0600e-05
  -1.9698e-05
  -1.8777e-05
  -1.7838e-05
  -1.6881e-05
  -1.5908e-05
  -1.4919e-05
  -1.3915e-05
  -1.2898e-05
  -1.1868e-05
  -1.0826e-05
  -9.7742e-06
  -8.7124e-06
  -7.6421e-06
  -6.5644e-06
  -5.4802e-06
  -4.3906e-06
  -3.2967e-06
  -2.1996e-06
  -1.1003e-06
            0
