            0
  -1.2866e-06
  -2.3575e-06
  -3.4261e-06
  -4.4913e-06
  -5.5521e-06
  -6.6074e-06
  -7.6563e-06
  -8.6976e-06
  -9.7303e-06
  -1.0754e-05
  -1.1766e-05
  -1.2767e-05
  -1.3756e-05
  -1.4731e-05
  -1.5691e-05
  -1.6636e-05
  -1.7565e-05
  -1.8477e-05
  -1.9370e-05
  -2.0244e-05
  -2.1099e-05
  -2.1932e-05
  -2.2744e-05
  -2.3534e-05
  -2.4301e-05
  -2.5043e-05
  -2.5761e-05
  -2.6454e-05
  -2.7121e-05
  -2.7761e-05
  -2.8374e-05
  -2.8959e-05
  -2.9515e-05
  -3.0043e-05
  -3.0541e-05
  -3.1009e-05
  -3.1446e-05
  -3.1852e-05
  -3.2228e-05
  -3.2571e-05
  -3.2883e-05
  -3.3162e-05
  -3.3408e-05
  -3.3622e-05
  -3.3803e-05
  -3.3950e-05
  -3.4065e-05
  -3.4145e-05
  -3.4192e-05
  -3.4206e-05
  -3.4185e-05
  -3.4132e-05
  -3.4044e-05
  -3.3924e-05
  -3.3769e-05
  -3.3582e-05
  -3.3362e-05
  -3.3109e-05
  -3.2823e-05
  -3.2505e-05
  -3.2155e-05
  -3.1774e-05
  -3.1361e-05
  -3.0917e-05
  -3.0443e-05
  -2.9940e-05
  -2.9406e-05
  -2.8844e-05
  -2.8254e-05
  -2.7635e-05
  -2.6990e-05
  -2.6318e-05
  -2.5620e-05
  -2.4897e-05
  -2.4149e-05
  -2.3378e-05
  -2.2584e-05
  -2.1767e-05
  -2.0929e-05
  -2.0071e-05
  -1.9193e-05
  -1.8296e-05
  -1.7381e-05
  -1.6449e-05
  -1.5500e-05
  -1.4537e-05
  -1.3559e-05
  -1.2568e-05
  -1.1565e-05
  -1.0550e-05
  -9.5246e-06
  -8.4900e-06
  -7.4471e-06
  -6.3969e-06
  -5.3404e-06
  -4.2786e-06
  -3.2126e-06
  -2.1435e-06
  -1.0723e-06
            0
