        0
  -0.1000
  -0.2000
  -0.3000
  -0.4000
  -0.5000
  -0.6000
  -0.7000
  -0.8000
  -0.9000
        0

        0
  -0.1059
  -0.2010
  -0.3002
  -0.4000
  -0.4997
  -0.5983
  -0.6899
  -0.7411
  -0.5569
        0

        0
  -0.1086
  -0.2029
  -0.3007
  -0.3997
  -0.4979
  -0.5902
  -0.6571
  -0.6335
  -0.4147
        0

        0
  -0.1101
  -0.2044
  -0.3012
  -0.3987
  -0.4929
  -0.5730
  -0.6097
  -0.5473
  -0.3350
        0

        0
  -0.1112
  -0.2054
  -0.3011
  -0.3961
  -0.4838
  -0.5490
  -0.5616
  -0.4806
  -0.2830
        0

        0
  -0.1118
  -0.2058
  -0.3002
  -0.3914
  -0.4710
  -0.5219
  -0.5171
  -0.4281
  -0.2458
        0

        0
  -0.1121
  -0.2056
  -0.2980
  -0.3846
  -0.4557
  -0.4942
  -0.4774
  -0.3857
  -0.2176
        0

        0
  -0.1119
  -0.2046
  -0.2944
  -0.3760
  -0.4388
  -0.4670
  -0.4420
  -0.3506
  -0.1952
        0

        0
  -0.1114
  -0.2028
  -0.2897
  -0.3661
  -0.4213
  -0.4412
  -0.4106
  -0.3210
  -0.1770
        0

        0
  -0.1105
  -0.2002
  -0.2839
  -0.3551
  -0.4036
  -0.4168
  -0.3826
  -0.2957
  -0.1618
        0

        0
  -0.1091
  -0.1969
  -0.2773
  -0.3435
  -0.3861
  -0.3939
  -0.3576
  -0.2737
  -0.1488
        0

        0
  -0.1073
  -0.1929
  -0.2699
  -0.3315
  -0.3690
  -0.3726
  -0.3349
  -0.2544
  -0.1376
        0

        0
  -0.1052
  -0.1884
  -0.2620
  -0.3194
  -0.3523
  -0.3526
  -0.3145
  -0.2373
  -0.1278
        0

        0
  -0.1028
  -0.1834
  -0.2537
  -0.3072
  -0.3363
  -0.3340
  -0.2958
  -0.2220
  -0.1191
        0

        0
  -0.1002
  -0.1781
  -0.2452
  -0.2951
  -0.3209
  -0.3166
  -0.2787
  -0.2082
  -0.1114
        0

        0
  -0.0973
  -0.1726
  -0.2366
  -0.2832
  -0.3062
  -0.3004
  -0.2631
  -0.1957
  -0.1044
        0

        0
  -0.0943
  -0.1669
  -0.2279
  -0.2715
  -0.2921
  -0.2851
  -0.2486
  -0.1843
  -0.0981
        0

        0
  -0.0913
  -0.1611
  -0.2192
  -0.2601
  -0.2786
  -0.2708
  -0.2352
  -0.1738
  -0.0924
        0

        0
  -0.0881
  -0.1552
  -0.2107
  -0.2491
  -0.2658
  -0.2573
  -0.2227
  -0.1642
  -0.0871
        0

        0
  -0.0850
  -0.1494
  -0.2022
  -0.2384
  -0.2535
  -0.2446
  -0.2111
  -0.1553
  -0.0823
        0

        0
  -0.0818
  -0.1436
  -0.1940
  -0.2281
  -0.2418
  -0.2327
  -0.2003
  -0.1470
  -0.0778
        0

        0
  -0.0787
  -0.1379
  -0.1860
  -0.2181
  -0.2306
  -0.2214
  -0.1902
  -0.1393
  -0.0737
        0

        0
  -0.0756
  -0.1324
  -0.1781
  -0.2085
  -0.2200
  -0.2107
  -0.1806
  -0.1322
  -0.0698
        0

        0
  -0.0725
  -0.1269
  -0.1705
  -0.1992
  -0.2098
  -0.2006
  -0.1717
  -0.1254
  -0.0662
        0

        0
  -0.0695
  -0.1216
  -0.1632
  -0.1904
  -0.2001
  -0.1910
  -0.1633
  -0.1191
  -0.0628
        0

        0
  -0.0666
  -0.1164
  -0.1561
  -0.1818
  -0.1909
  -0.1819
  -0.1553
  -0.1132
  -0.0597
        0

        0
  -0.0638
  -0.1115
  -0.1493
  -0.1737
  -0.1821
  -0.1733
  -0.1478
  -0.1077
  -0.0567
        0

        0
  -0.0611
  -0.1066
  -0.1427
  -0.1659
  -0.1737
  -0.1652
  -0.1407
  -0.1024
  -0.0539
        0

        0
  -0.0585
  -0.1020
  -0.1364
  -0.1584
  -0.1657
  -0.1574
  -0.1340
  -0.0974
  -0.0513
        0

        0
  -0.0559
  -0.0975
  -0.1303
  -0.1512
  -0.1581
  -0.1500
  -0.1276
  -0.0928
  -0.0488
        0

        0
  -0.0535
  -0.0932
  -0.1245
  -0.1443
  -0.1508
  -0.1430
  -0.1215
  -0.0883
  -0.0464
        0

        0
  -0.0511
  -0.0890
  -0.1189
  -0.1378
  -0.1438
  -0.1363
  -0.1158
  -0.0841
  -0.0442
        0

        0
  -0.0488
  -0.0851
  -0.1135
  -0.1315
  -0.1372
  -0.1300
  -0.1104
  -0.0801
  -0.0421
        0

        0
  -0.0466
  -0.0813
  -0.1084
  -0.1255
  -0.1309
  -0.1239
  -0.1052
  -0.0763
  -0.0401
        0

        0
  -0.0446
  -0.0776
  -0.1035
  -0.1198
  -0.1249
  -0.1182
  -0.1003
  -0.0727
  -0.0382
        0

        0
  -0.0426
  -0.0741
  -0.0988
  -0.1143
  -0.1191
  -0.1127
  -0.0956
  -0.0693
  -0.0364
        0

        0
  -0.0406
  -0.0707
  -0.0943
  -0.1091
  -0.1136
  -0.1075
  -0.0911
  -0.0661
  -0.0347
        0

        0
  -0.0388
  -0.0675
  -0.0900
  -0.1041
  -0.1084
  -0.1025
  -0.0869
  -0.0630
  -0.0331
        0

        0
  -0.0370
  -0.0645
  -0.0859
  -0.0993
  -0.1034
  -0.0977
  -0.0828
  -0.0600
  -0.0315
        0

        0
  -0.0354
  -0.0615
  -0.0820
  -0.0948
  -0.0986
  -0.0932
  -0.0790
  -0.0573
  -0.0301
        0

        0
  -0.0338
  -0.0587
  -0.0782
  -0.0904
  -0.0941
  -0.0889
  -0.0753
  -0.0546
  -0.0287
        0

        0
  -0.0322
  -0.0561
  -0.0747
  -0.0863
  -0.0898
  -0.0848
  -0.0718
  -0.0521
  -0.0273
        0

        0
  -0.0307
  -0.0535
  -0.0712
  -0.0823
  -0.0856
  -0.0809
  -0.0685
  -0.0496
  -0.0261
        0

        0
  -0.0293
  -0.0510
  -0.0680
  -0.0785
  -0.0817
  -0.0772
  -0.0653
  -0.0473
  -0.0249
        0

        0
  -0.0280
  -0.0487
  -0.0649
  -0.0749
  -0.0779
  -0.0736
  -0.0623
  -0.0452
  -0.0237
        0

        0
  -0.0267
  -0.0465
  -0.0619
  -0.0715
  -0.0743
  -0.0702
  -0.0594
  -0.0431
  -0.0226
        0

        0
  -0.0255
  -0.0443
  -0.0590
  -0.0682
  -0.0709
  -0.0670
  -0.0567
  -0.0411
  -0.0216
        0

        0
  -0.0243
  -0.0423
  -0.0563
  -0.0651
  -0.0677
  -0.0639
  -0.0541
  -0.0392
  -0.0206
        0

        0
  -0.0232
  -0.0404
  -0.0537
  -0.0621
  -0.0645
  -0.0609
  -0.0516
  -0.0374
  -0.0196
        0

        0
  -0.0221
  -0.0385
  -0.0513
  -0.0592
  -0.0616
  -0.0581
  -0.0492
  -0.0356
  -0.0187
        0

        0
  -0.0211
  -0.0368
  -0.0489
  -0.0565
  -0.0587
  -0.0555
  -0.0469
  -0.0340
  -0.0178
        0

        0
  -0.0202
  -0.0351
  -0.0467
  -0.0539
  -0.0560
  -0.0529
  -0.0448
  -0.0324
  -0.0170
        0

        0
  -0.0192
  -0.0335
  -0.0445
  -0.0514
  -0.0535
  -0.0505
  -0.0427
  -0.0309
  -0.0162
        0

        0
  -0.0184
  -0.0319
  -0.0425
  -0.0490
  -0.0510
  -0.0481
  -0.0407
  -0.0295
  -0.0155
        0

        0
  -0.0175
  -0.0305
  -0.0405
  -0.0468
  -0.0486
  -0.0459
  -0.0389
  -0.0281
  -0.0148
        0

        0
  -0.0167
  -0.0291
  -0.0387
  -0.0446
  -0.0464
  -0.0438
  -0.0371
  -0.0268
  -0.0141
        0

        0
  -0.0159
  -0.0277
  -0.0369
  -0.0426
  -0.0443
  -0.0418
  -0.0354
  -0.0256
  -0.0134
        0

        0
  -0.0152
  -0.0264
  -0.0352
  -0.0406
  -0.0422
  -0.0399
  -0.0337
  -0.0244
  -0.0128
        0

        0
  -0.0145
  -0.0252
  -0.0336
  -0.0388
  -0.0403
  -0.0380
  -0.0322
  -0.0233
  -0.0122
        0

        0
  -0.0138
  -0.0241
  -0.0320
  -0.0370
  -0.0384
  -0.0363
  -0.0307
  -0.0222
  -0.0117
        0

        0
  -0.0132
  -0.0230
  -0.0306
  -0.0353
  -0.0367
  -0.0346
  -0.0293
  -0.0212
  -0.0111
        0

        0
  -0.0126
  -0.0219
  -0.0291
  -0.0336
  -0.0350
  -0.0330
  -0.0279
  -0.0202
  -0.0106
        0

        0
  -0.0120
  -0.0209
  -0.0278
  -0.0321
  -0.0334
  -0.0315
  -0.0267
  -0.0193
  -0.0101
        0

        0
  -0.0115
  -0.0199
  -0.0265
  -0.0306
  -0.0318
  -0.0300
  -0.0254
  -0.0184
  -0.0097
        0

        0
  -0.0109
  -0.0190
  -0.0253
  -0.0292
  -0.0304
  -0.0287
  -0.0243
  -0.0176
  -0.0092
        0

        0
  -0.0104
  -0.0181
  -0.0241
  -0.0279
  -0.0290
  -0.0273
  -0.0231
  -0.0168
  -0.0088
        0

        0
  -0.0100
  -0.0173
  -0.0230
  -0.0266
  -0.0276
  -0.0261
  -0.0221
  -0.0160
  -0.0084
        0

        0
  -0.0095
  -0.0165
  -0.0220
  -0.0254
  -0.0264
  -0.0249
  -0.0211
  -0.0152
  -0.0080
        0

        0
  -0.0091
  -0.0158
  -0.0210
  -0.0242
  -0.0252
  -0.0237
  -0.0201
  -0.0145
  -0.0076
        0

        0
  -0.0086
  -0.0150
  -0.0200
  -0.0231
  -0.0240
  -0.0226
  -0.0192
  -0.0139
  -0.0073
        0

        0
  -0.0082
  -0.0143
  -0.0191
  -0.0220
  -0.0229
  -0.0216
  -0.0183
  -0.0132
  -0.0069
        0

        0
  -0.0079
  -0.0137
  -0.0182
  -0.0210
  -0.0218
  -0.0206
  -0.0174
  -0.0126
  -0.0066
        0

        0
  -0.0075
  -0.0130
  -0.0174
  -0.0200
  -0.0208
  -0.0197
  -0.0166
  -0.0120
  -0.0063
        0

        0
  -0.0072
  -0.0124
  -0.0166
  -0.0191
  -0.0199
  -0.0188
  -0.0159
  -0.0115
  -0.0060
        0

        0
  -0.0068
  -0.0119
  -0.0158
  -0.0182
  -0.0190
  -0.0179
  -0.0151
  -0.0110
  -0.0058
        0

        0
  -0.0065
  -0.0113
  -0.0151
  -0.0174
  -0.0181
  -0.0171
  -0.0144
  -0.0105
  -0.0055
        0

        0
  -0.0062
  -0.0108
  -0.0144
  -0.0166
  -0.0173
  -0.0163
  -0.0138
  -0.0100
  -0.0052
        0

        0
  -0.0059
  -0.0103
  -0.0137
  -0.0158
  -0.0165
  -0.0155
  -0.0131
  -0.0095
  -0.0050
        0

        0
  -0.0057
  -0.0098
  -0.0131
  -0.0151
  -0.0157
  -0.0148
  -0.0125
  -0.0091
  -0.0048
        0

        0
  -0.0054
  -0.0094
  -0.0125
  -0.0144
  -0.0150
  -0.0141
  -0.0120
  -0.0087
  -0.0045
        0

        0
  -0.0051
  -0.0089
  -0.0119
  -0.0137
  -0.0143
  -0.0135
  -0.0114
  -0.0083
  -0.0043
        0

        0
  -0.0049
  -0.0085
  -0.0114
  -0.0131
  -0.0136
  -0.0129
  -0.0109
  -0.0079
  -0.0041
        0

        0
  -0.0047
  -0.0081
  -0.0108
  -0.0125
  -0.0130
  -0.0123
  -0.0104
  -0.0075
  -0.0039
        0

        0
  -0.0045
  -0.0078
  -0.0103
  -0.0119
  -0.0124
  -0.0117
  -0.0099
  -0.0072
  -0.0038
        0

        0
  -0.0043
  -0.0074
  -0.0099
  -0.0114
  -0.0118
  -0.0112
  -0.0095
  -0.0068
  -0.0036
        0

        0
  -0.0041
  -0.0071
  -0.0094
  -0.0109
  -0.0113
  -0.0107
  -0.0090
  -0.0065
  -0.0034
        0

        0
  -0.0039
  -0.0067
  -0.0090
  -0.0104
  -0.0108
  -0.0102
  -0.0086
  -0.0062
  -0.0033
        0

        0
  -0.0037
  -0.0064
  -0.0086
  -0.0099
  -0.0103
  -0.0097
  -0.0082
  -0.0059
  -0.0031
        0

        0
  -0.0035
  -0.0061
  -0.0082
  -0.0094
  -0.0098
  -0.0093
  -0.0078
  -0.0057
  -0.0030
        0

        0
  -0.0034
  -0.0059
  -0.0078
  -0.0090
  -0.0094
  -0.0088
  -0.0075
  -0.0054
  -0.0028
        0

        0
  -0.0032
  -0.0056
  -0.0074
  -0.0086
  -0.0089
  -0.0084
  -0.0071
  -0.0052
  -0.0027
        0

        0
  -0.0031
  -0.0053
  -0.0071
  -0.0082
  -0.0085
  -0.0080
  -0.0068
  -0.0049
  -0.0026
        0

        0
  -0.0029
  -0.0051
  -0.0068
  -0.0078
  -0.0081
  -0.0077
  -0.0065
  -0.0047
  -0.0025
        0

        0
  -0.0028
  -0.0049
  -0.0065
  -0.0075
  -0.0077
  -0.0073
  -0.0062
  -0.0045
  -0.0024
        0

        0
  -0.0027
  -0.0046
  -0.0062
  -0.0071
  -0.0074
  -0.0070
  -0.0059
  -0.0043
  -0.0022
        0

        0
  -0.0025
  -0.0044
  -0.0059
  -0.0068
  -0.0070
  -0.0067
  -0.0056
  -0.0041
  -0.0021
        0

        0
  -0.0024
  -0.0042
  -0.0056
  -0.0065
  -0.0067
  -0.0063
  -0.0054
  -0.0039
  -0.0020
        0

        0
  -0.0023
  -0.0040
  -0.0053
  -0.0062
  -0.0064
  -0.0061
  -0.0051
  -0.0037
  -0.0019
        0

        0
  -0.0022
  -0.0038
  -0.0051
  -0.0059
  -0.0061
  -0.0058
  -0.0049
  -0.0035
  -0.0019
        0

        0
  -0.0021
  -0.0037
  -0.0049
  -0.0056
  -0.0058
  -0.0055
  -0.0047
  -0.0034
  -0.0018
        0

        0
  -0.0020
  -0.0035
  -0.0046
  -0.0054
  -0.0056
  -0.0053
  -0.0044
  -0.0032
  -0.0017
        0

        0
  -0.0019
  -0.0033
  -0.0044
  -0.0051
  -0.0053
  -0.0050
  -0.0042
  -0.0031
  -0.0016
        0

        0
  -0.0018
  -0.0032
  -0.0042
  -0.0049
  -0.0051
  -0.0048
  -0.0040
  -0.0029
  -0.0015
        0

        0
  -0.0017
  -0.0030
  -0.0040
  -0.0047
  -0.0048
  -0.0046
  -0.0039
  -0.0028
  -0.0015
        0

        0
  -0.0017
  -0.0029
  -0.0038
  -0.0044
  -0.0046
  -0.0044
  -0.0037
  -0.0027
  -0.0014
        0

        0
  -0.0016
  -0.0028
  -0.0037
  -0.0042
  -0.0044
  -0.0042
  -0.0035
  -0.0025
  -0.0013
        0

        0
  -0.0015
  -0.0026
  -0.0035
  -0.0040
  -0.0042
  -0.0040
  -0.0034
  -0.0024
  -0.0013
        0

        0
  -0.0014
  -0.0025
  -0.0033
  -0.0039
  -0.0040
  -0.0038
  -0.0032
  -0.0023
  -0.0012
        0

        0
  -0.0014
  -0.0024
  -0.0032
  -0.0037
  -0.0038
  -0.0036
  -0.0031
  -0.0022
  -0.0012
        0

        0
  -0.0013
  -0.0023
  -0.0030
  -0.0035
  -0.0036
  -0.0034
  -0.0029
  -0.0021
  -0.0011
        0

        0
  -0.0013
  -0.0022
  -0.0029
  -0.0033
  -0.0035
  -0.0033
  -0.0028
  -0.0020
  -0.0011
        0

        0
  -0.0012
  -0.0021
  -0.0028
  -0.0032
  -0.0033
  -0.0031
  -0.0026
  -0.0019
  -0.0010
        0

        0
  -0.0011
  -0.0020
  -0.0026
  -0.0030
  -0.0032
  -0.0030
  -0.0025
  -0.0018
  -0.0010
        0

        0
  -0.0011
  -0.0019
  -0.0025
  -0.0029
  -0.0030
  -0.0028
  -0.0024
  -0.0017
  -0.0009
        0

        0
  -0.0010
  -0.0018
  -0.0024
  -0.0028
  -0.0029
  -0.0027
  -0.0023
  -0.0017
  -0.0009
        0

        0
  -0.0010
  -0.0017
  -0.0023
  -0.0026
  -0.0027
  -0.0026
  -0.0022
  -0.0016
  -0.0008
        0

        0
  -0.0009
  -0.0016
  -0.0022
  -0.0025
  -0.0026
  -0.0025
  -0.0021
  -0.0015
  -0.0008
        0

        0
  -0.0009
  -0.0016
  -0.0021
  -0.0024
  -0.0025
  -0.0024
  -0.0020
  -0.0014
  -0.0008
        0

        0
  -0.0009
  -0.0015
  -0.0020
  -0.0023
  -0.0024
  -0.0023
  -0.0019
  -0.0014
  -0.0007
        0

        0
  -0.0008
  -0.0014
  -0.0019
  -0.0022
  -0.0023
  -0.0021
  -0.0018
  -0.0013
  -0.0007
        0

        0
  -0.0008
  -0.0014
  -0.0018
  -0.0021
  -0.0022
  -0.0020
  -0.0017
  -0.0013
  -0.0007
        0

        0
  -0.0007
  -0.0013
  -0.0017
  -0.0020
  -0.0021
  -0.0020
  -0.0017
  -0.0012
  -0.0006
        0

        0
  -0.0007
  -0.0012
  -0.0016
  -0.0019
  -0.0020
  -0.0019
  -0.0016
  -0.0011
  -0.0006
        0

        0
  -0.0007
  -0.0012
  -0.0016
  -0.0018
  -0.0019
  -0.0018
  -0.0015
  -0.0011
  -0.0006
        0

        0
  -0.0006
  -0.0011
  -0.0015
  -0.0017
  -0.0018
  -0.0017
  -0.0014
  -0.0010
  -0.0005
        0

        0
  -0.0006
  -0.0011
  -0.0014
  -0.0016
  -0.0017
  -0.0016
  -0.0014
  -0.0010
  -0.0005
        0

        0
  -0.0006
  -0.0010
  -0.0014
  -0.0016
  -0.0016
  -0.0015
  -0.0013
  -0.0009
  -0.0005
        0

        0
  -0.0006
  -0.0010
  -0.0013
  -0.0015
  -0.0016
  -0.0015
  -0.0012
  -0.0009
  -0.0005
        0

        0
  -0.0005
  -0.0009
  -0.0012
  -0.0014
  -0.0015
  -0.0014
  -0.0012
  -0.0009
  -0.0005
        0

        0
  -0.0005
  -0.0009
  -0.0012
  -0.0014
  -0.0014
  -0.0013
  -0.0011
  -0.0008
  -0.0004
        0

        0
  -0.0005
  -0.0008
  -0.0011
  -0.0013
  -0.0014
  -0.0013
  -0.0011
  -0.0008
  -0.0004
        0

        0
  -0.0005
  -0.0008
  -0.0011
  -0.0012
  -0.0013
  -0.0012
  -0.0010
  -0.0007
  -0.0004
        0

        0
  -0.0004
  -0.0008
  -0.0010
  -0.0012
  -0.0012
  -0.0012
  -0.0010
  -0.0007
  -0.0004
        0

        0
  -0.0004
  -0.0007
  -0.0010
  -0.0011
  -0.0012
  -0.0011
  -0.0009
  -0.0007
  -0.0004
        0

        0
  -0.0004
  -0.0007
  -0.0009
  -0.0011
  -0.0011
  -0.0011
  -0.0009
  -0.0006
  -0.0003
        0

        0
  -0.0004
  -0.0007
  -0.0009
  -0.0010
  -0.0011
  -0.0010
  -0.0009
  -0.0006
  -0.0003
        0

        0
  -0.0004
  -0.0006
  -0.0009
  -0.0010
  -0.0010
  -0.0010
  -0.0008
  -0.0006
  -0.0003
        0

        0
  -0.0004
  -0.0006
  -0.0008
  -0.0009
  -0.0010
  -0.0009
  -0.0008
  -0.0006
  -0.0003
        0

        0
  -0.0003
  -0.0006
  -0.0008
  -0.0009
  -0.0009
  -0.0009
  -0.0007
  -0.0005
  -0.0003
        0

        0
  -0.0003
  -0.0006
  -0.0007
  -0.0009
  -0.0009
  -0.0008
  -0.0007
  -0.0005
  -0.0003
        0

        0
  -0.0003
  -0.0005
  -0.0007
  -0.0008
  -0.0008
  -0.0008
  -0.0007
  -0.0005
  -0.0003
        0

        0
  -0.0003
  -0.0005
  -0.0007
  -0.0008
  -0.0008
  -0.0008
  -0.0006
  -0.0005
  -0.0002
        0

        0
  -0.0003
  -0.0005
  -0.0006
  -0.0007
  -0.0008
  -0.0007
  -0.0006
  -0.0004
  -0.0002
        0

        0
  -0.0003
  -0.0005
  -0.0006
  -0.0007
  -0.0007
  -0.0007
  -0.0006
  -0.0004
  -0.0002
        0

        0
  -0.0003
  -0.0004
  -0.0006
  -0.0007
  -0.0007
  -0.0007
  -0.0006
  -0.0004
  -0.0002
        0

        0
  -0.0002
  -0.0004
  -0.0006
  -0.0006
  -0.0007
  -0.0006
  -0.0005
  -0.0004
  -0.0002
        0

        0
  -0.0002
  -0.0004
  -0.0005
  -0.0006
  -0.0006
  -0.0006
  -0.0005
  -0.0004
  -0.0002
        0

        0
  -0.0002
  -0.0004
  -0.0005
  -0.0006
  -0.0006
  -0.0006
  -0.0005
  -0.0004
  -0.0002
        0

        0
  -0.0002
  -0.0004
  -0.0005
  -0.0006
  -0.0006
  -0.0005
  -0.0005
  -0.0003
  -0.0002
        0

        0
  -0.0002
  -0.0003
  -0.0005
  -0.0005
  -0.0006
  -0.0005
  -0.0004
  -0.0003
  -0.0002
        0

        0
  -0.0002
  -0.0003
  -0.0004
  -0.0005
  -0.0005
  -0.0005
  -0.0004
  -0.0003
  -0.0002
        0

        0
  -0.0002
  -0.0003
  -0.0004
  -0.0005
  -0.0005
  -0.0005
  -0.0004
  -0.0003
  -0.0002
        0

        0
  -0.0002
  -0.0003
  -0.0004
  -0.0005
  -0.0005
  -0.0005
  -0.0004
  -0.0003
  -0.0001
        0

        0
  -0.0002
  -0.0003
  -0.0004
  -0.0004
  -0.0005
  -0.0004
  -0.0004
  -0.0003
  -0.0001
        0

        0
  -0.0002
  -0.0003
  -0.0004
  -0.0004
  -0.0004
  -0.0004
  -0.0003
  -0.0003
  -0.0001
        0

        0
  -0.0002
  -0.0003
  -0.0003
  -0.0004
  -0.0004
  -0.0004
  -0.0003
  -0.0002
  -0.0001
        0

        0
  -0.0001
  -0.0002
  -0.0003
  -0.0004
  -0.0004
  -0.0004
  -0.0003
  -0.0002
  -0.0001
        0

        0
  -0.0001
  -0.0002
  -0.0003
  -0.0004
  -0.0004
  -0.0004
  -0.0003
  -0.0002
  -0.0001
        0

        0
  -0.0001
  -0.0002
  -0.0003
  -0.0003
  -0.0004
  -0.0003
  -0.0003
  -0.0002
  -0.0001
        0

        0
  -0.0001
  -0.0002
  -0.0003
  -0.0003
  -0.0003
  -0.0003
  -0.0003
  -0.0002
  -0.0001
        0

        0
  -0.0001
  -0.0002
  -0.0003
  -0.0003
  -0.0003
  -0.0003
  -0.0003
  -0.0002
  -0.0001
        0

            0
  -1.1326e-04
  -1.9697e-04
  -2.6213e-04
  -3.0259e-04
  -3.1454e-04
  -2.9686e-04
  -2.5121e-04
  -1.8190e-04
  -9.5444e-05
            0

            0
  -1.0805e-04
  -1.8791e-04
  -2.5006e-04
  -2.8866e-04
  -3.0006e-04
  -2.8320e-04
  -2.3965e-04
  -1.7352e-04
  -9.1051e-05
            0

            0
  -1.0307e-04
  -1.7926e-04
  -2.3855e-04
  -2.7538e-04
  -2.8625e-04
  -2.7016e-04
  -2.2862e-04
  -1.6554e-04
  -8.6861e-05
            0

            0
  -9.8330e-05
  -1.7101e-04
  -2.2758e-04
  -2.6270e-04
  -2.7308e-04
  -2.5773e-04
  -2.1810e-04
  -1.5792e-04
  -8.2863e-05
            0

            0
  -9.3805e-05
  -1.6314e-04
  -2.1710e-04
  -2.5061e-04
  -2.6051e-04
  -2.4587e-04
  -2.0806e-04
  -1.5065e-04
  -7.9050e-05
            0

            0
  -8.9488e-05
  -1.5563e-04
  -2.0711e-04
  -2.3908e-04
  -2.4852e-04
  -2.3455e-04
  -1.9849e-04
  -1.4372e-04
  -7.5412e-05
            0

            0
  -8.5370e-05
  -1.4847e-04
  -1.9758e-04
  -2.2808e-04
  -2.3709e-04
  -2.2376e-04
  -1.8935e-04
  -1.3710e-04
  -7.1941e-05
            0

            0
  -8.1441e-05
  -1.4164e-04
  -1.8849e-04
  -2.1758e-04
  -2.2617e-04
  -2.1346e-04
  -1.8064e-04
  -1.3079e-04
  -6.8630e-05
            0

            0
  -7.7693e-05
  -1.3512e-04
  -1.7981e-04
  -2.0757e-04
  -2.1577e-04
  -2.0364e-04
  -1.7232e-04
  -1.2478e-04
  -6.5472e-05
            0

            0
  -7.4117e-05
  -1.2890e-04
  -1.7154e-04
  -1.9801e-04
  -2.0584e-04
  -1.9427e-04
  -1.6439e-04
  -1.1903e-04
  -6.2459e-05
            0

            0
  -7.0706e-05
  -1.2297e-04
  -1.6364e-04
  -1.8890e-04
  -1.9636e-04
  -1.8532e-04
  -1.5683e-04
  -1.1355e-04
  -5.9584e-05
            0

            0
  -6.7452e-05
  -1.1731e-04
  -1.5611e-04
  -1.8021e-04
  -1.8733e-04
  -1.7680e-04
  -1.4961e-04
  -1.0833e-04
  -5.6842e-05
            0

            0
  -6.4348e-05
  -1.1191e-04
  -1.4893e-04
  -1.7191e-04
  -1.7870e-04
  -1.6866e-04
  -1.4272e-04
  -1.0334e-04
  -5.4226e-05
            0

            0
  -6.1386e-05
  -1.0676e-04
  -1.4207e-04
  -1.6400e-04
  -1.7048e-04
  -1.6090e-04
  -1.3616e-04
  -9.8587e-05
  -5.1730e-05
            0

            0
  -5.8561e-05
  -1.0185e-04
  -1.3553e-04
  -1.5645e-04
  -1.6263e-04
  -1.5349e-04
  -1.2989e-04
  -9.4050e-05
  -4.9350e-05
            0

            0
  -5.5866e-05
  -9.7158e-05
  -1.2930e-04
  -1.4925e-04
  -1.5515e-04
  -1.4643e-04
  -1.2391e-04
  -8.9722e-05
  -4.7079e-05
            0

            0
  -5.3295e-05
  -9.2687e-05
  -1.2335e-04
  -1.4238e-04
  -1.4801e-04
  -1.3969e-04
  -1.1821e-04
  -8.5593e-05
  -4.4912e-05
            0

            0
  -5.0842e-05
  -8.8421e-05
  -1.1767e-04
  -1.3583e-04
  -1.4120e-04
  -1.3326e-04
  -1.1277e-04
  -8.1653e-05
  -4.2845e-05
            0

            0
  -4.8503e-05
  -8.4352e-05
  -1.1225e-04
  -1.2958e-04
  -1.3470e-04
  -1.2713e-04
  -1.0758e-04
  -7.7896e-05
  -4.0873e-05
            0

            0
  -4.6270e-05
  -8.0470e-05
  -1.0709e-04
  -1.2362e-04
  -1.2850e-04
  -1.2128e-04
  -1.0263e-04
  -7.4311e-05
  -3.8992e-05
            0

            0
  -4.4141e-05
  -7.6766e-05
  -1.0216e-04
  -1.1793e-04
  -1.2259e-04
  -1.1570e-04
  -9.7905e-05
  -7.0891e-05
  -3.7198e-05
            0

            0
  -4.2109e-05
  -7.3233e-05
  -9.7458e-05
  -1.1250e-04
  -1.1694e-04
  -1.1037e-04
  -9.3399e-05
  -6.7628e-05
  -3.5486e-05
            0

            0
  -4.0171e-05
  -6.9863e-05
  -9.2973e-05
  -1.0732e-04
  -1.1156e-04
  -1.0529e-04
  -8.9101e-05
  -6.4516e-05
  -3.3853e-05
            0

            0
  -3.8323e-05
  -6.6648e-05
  -8.8694e-05
  -1.0238e-04
  -1.0643e-04
  -1.0045e-04
  -8.5000e-05
  -6.1547e-05
  -3.2295e-05
            0

            0
  -3.6559e-05
  -6.3581e-05
  -8.4612e-05
  -9.7672e-05
  -1.0153e-04
  -9.5823e-05
  -8.1089e-05
  -5.8714e-05
  -3.0808e-05
            0

            0
  -3.4877e-05
  -6.0655e-05
  -8.0718e-05
  -9.3177e-05
  -9.6858e-05
  -9.1413e-05
  -7.7357e-05
  -5.6012e-05
  -2.9391e-05
            0

            0
  -3.3271e-05
  -5.7863e-05
  -7.7003e-05
  -8.8889e-05
  -9.2400e-05
  -8.7206e-05
  -7.3797e-05
  -5.3434e-05
  -2.8038e-05
            0

            0
  -3.1740e-05
  -5.5200e-05
  -7.3459e-05
  -8.4798e-05
  -8.8148e-05
  -8.3193e-05
  -7.0400e-05
  -5.0975e-05
  -2.6748e-05
            0

            0
  -3.0279e-05
  -5.2660e-05
  -7.0079e-05
  -8.0896e-05
  -8.4091e-05
  -7.9364e-05
  -6.7160e-05
  -4.8629e-05
  -2.5517e-05
            0

            0
  -2.8886e-05
  -5.0236e-05
  -6.6854e-05
  -7.7173e-05
  -8.0221e-05
  -7.5712e-05
  -6.4070e-05
  -4.6391e-05
  -2.4342e-05
            0

            0
  -2.7557e-05
  -4.7924e-05
  -6.3777e-05
  -7.3621e-05
  -7.6529e-05
  -7.2227e-05
  -6.1121e-05
  -4.4256e-05
  -2.3222e-05
            0

            0
  -2.6288e-05
  -4.5719e-05
  -6.0842e-05
  -7.0233e-05
  -7.3007e-05
  -6.8903e-05
  -5.8308e-05
  -4.2219e-05
  -2.2153e-05
            0

            0
  -2.5079e-05
  -4.3615e-05
  -5.8042e-05
  -6.7001e-05
  -6.9647e-05
  -6.5732e-05
  -5.5625e-05
  -4.0276e-05
  -2.1134e-05
            0

            0
  -2.3924e-05
  -4.1607e-05
  -5.5370e-05
  -6.3917e-05
  -6.6442e-05
  -6.2707e-05
  -5.3065e-05
  -3.8423e-05
  -2.0161e-05
            0

            0
  -2.2823e-05
  -3.9693e-05
  -5.2822e-05
  -6.0975e-05
  -6.3384e-05
  -5.9821e-05
  -5.0622e-05
  -3.6655e-05
  -1.9233e-05
            0

            0
  -2.1773e-05
  -3.7866e-05
  -5.0391e-05
  -5.8169e-05
  -6.0467e-05
  -5.7068e-05
  -4.8293e-05
  -3.4968e-05
  -1.8348e-05
            0

            0
  -2.0771e-05
  -3.6123e-05
  -4.8072e-05
  -5.5492e-05
  -5.7684e-05
  -5.4442e-05
  -4.6070e-05
  -3.3358e-05
  -1.7504e-05
            0

            0
  -1.9815e-05
  -3.4461e-05
  -4.5860e-05
  -5.2938e-05
  -5.5030e-05
  -5.1936e-05
  -4.3950e-05
  -3.1823e-05
  -1.6698e-05
            0

            0
  -1.8903e-05
  -3.2875e-05
  -4.3749e-05
  -5.0502e-05
  -5.2497e-05
  -4.9546e-05
  -4.1927e-05
  -3.0359e-05
  -1.5930e-05
            0

            0
  -1.8033e-05
  -3.1362e-05
  -4.1736e-05
  -4.8178e-05
  -5.0081e-05
  -4.7266e-05
  -3.9998e-05
  -2.8961e-05
  -1.5197e-05
            0

