            0
  -7.0117e-06
  -1.2846e-05
  -1.8667e-05
  -2.4469e-05
  -3.0245e-05
  -3.5990e-05
  -4.1699e-05
  -4.7366e-05
  -5.2984e-05
  -5.8550e-05
  -6.4057e-05
  -6.9500e-05
  -7.4874e-05
  -8.0172e-05
  -8.5391e-05
  -9.0525e-05
  -9.5569e-05
  -1.0052e-04
  -1.0537e-04
  -1.1011e-04
  -1.1475e-04
  -1.1927e-04
  -1.2367e-04
  -1.2795e-04
  -1.3211e-04
  -1.3613e-04
  -1.4002e-04
  -1.4377e-04
  -1.4738e-04
  -1.5084e-04
  -1.5416e-04
  -1.5732e-04
  -1.6033e-04
  -1.6317e-04
  -1.6586e-04
  -1.6839e-04
  -1.7074e-04
  -1.7293e-04
  -1.7495e-04
  -1.7680e-04
  -1.7847e-04
  -1.7997e-04
  -1.8129e-04
  -1.8243e-04
  -1.8339e-04
  -1.8417e-04
  -1.8477e-04
  -1.8519e-04
  -1.8543e-04
  -1.8548e-04
  -1.8535e-04
  -1.8504e-04
  -1.8455e-04
  -1.8388e-04
  -1.8302e-04
  -1.8199e-04
  -1.8078e-04
  -1.7939e-04
  -1.7782e-04
  -1.7608e-04
  -1.7417e-04
  -1.7209e-04
  -1.6983e-04
  -1.6741e-04
  -1.6483e-04
  -1.6209e-04
  -1.5918e-04
  -1.5612e-04
  -1.5291e-04
  -1.4955e-04
  -1.4604e-04
  -1.4239e-04
  -1.3860e-04
  -1.3468e-04
  -1.3062e-04
  -1.2643e-04
  -1.2213e-04
  -1.1770e-04
  -1.1316e-04
  -1.0850e-04
  -1.0375e-04
  -9.8888e-05
  -9.3933e-05
  -8.8886e-05
  -8.3754e-05
  -7.8540e-05
  -7.3249e-05
  -6.7888e-05
  -6.2462e-05
  -5.6975e-05
  -5.1433e-05
  -4.5842e-05
  -4.0206e-05
  -3.4533e-05
  -2.8826e-05
  -2.3093e-05
  -1.7338e-05
  -1.1567e-05
  -5.7856e-06
            0
