            0
   2.3159e+01
   4.2748e+01
   6.1530e+01
   7.9506e+01
   9.6675e+01
   1.1304e+02
   1.2859e+02
   1.4334e+02
   1.5728e+02
   1.7042e+02
   1.8275e+02
   1.9427e+02
   2.0498e+02
   2.1489e+02
   2.2399e+02
   2.3228e+02
   2.3977e+02
   2.4705e+02
   2.5413e+02
   2.6101e+02
   2.6768e+02
   2.7415e+02
   2.8042e+02
   2.8649e+02
   2.9235e+02
   2.9801e+02
   3.0347e+02
   3.0872e+02
   3.1377e+02
   3.1862e+02
   3.2326e+02
   3.2771e+02
   3.3194e+02
   3.3598e+02
   3.3974e+02
   3.4323e+02
   3.4644e+02
   3.4939e+02
   3.5206e+02
   3.5446e+02
   3.5659e+02
   3.5845e+02
   3.6003e+02
   3.6134e+02
   3.6238e+02
   3.6315e+02
   3.6364e+02
   3.6386e+02
   3.6381e+02
   3.6348e+02
   3.6289e+02
   3.6202e+02
   3.6087e+02
   3.5946e+02
   3.5777e+02
   3.5581e+02
   3.5358e+02
   3.5107e+02
   3.4829e+02
   3.4524e+02
   3.4192e+02
   3.3832e+02
   3.3445e+02
   3.3031e+02
   3.2589e+02
   3.2121e+02
   3.1625e+02
   3.1101e+02
   3.0551e+02
   2.9973e+02
   2.9368e+02
   2.8736e+02
   2.8077e+02
   2.7390e+02
   2.6676e+02
   2.5935e+02
   2.5167e+02
   2.4371e+02
   2.3549e+02
   2.2699e+02
   2.1822e+02
   2.0917e+02
   1.9986e+02
   1.9027e+02
   1.8041e+02
   1.7028e+02
   1.5988e+02
   1.4921e+02
   1.3827e+02
   1.2705e+02
   1.1556e+02
   1.0381e+02
   9.1779e+01
   7.9479e+01
   6.6909e+01
   5.4068e+01
   4.0957e+01
   2.7575e+01
   1.3923e+01
            0
