        0
  -0.1000
  -0.2000
  -0.3000
  -0.4000
  -0.5000
  -0.6000
  -0.7000
  -0.8000
  -0.9000
        0

        0
  -0.1000
  -0.2000
  -0.3000
  -0.4000
  -0.5000
  -0.6000
  -0.7000
  -0.8000
  -0.4000
        0

        0
  -0.1000
  -0.2000
  -0.3000
  -0.4000
  -0.5000
  -0.6000
  -0.7000
  -0.5500
  -0.4000
        0

        0
  -0.1000
  -0.2000
  -0.3000
  -0.4000
  -0.5000
  -0.6000
  -0.5750
  -0.5500
  -0.2750
        0

        0
  -0.1000
  -0.2000
  -0.3000
  -0.4000
  -0.5000
  -0.5375
  -0.5750
  -0.4250
  -0.2750
        0

        0
  -0.1000
  -0.2000
  -0.3000
  -0.4000
  -0.4688
  -0.5375
  -0.4812
  -0.4250
  -0.2125
        0

        0
  -0.1000
  -0.2000
  -0.3000
  -0.3844
  -0.4688
  -0.4750
  -0.4813
  -0.3469
  -0.2125
        0

        0
  -0.1000
  -0.2000
  -0.2922
  -0.3844
  -0.4297
  -0.4750
  -0.4109
  -0.3469
  -0.1734
        0

        0
  -0.1000
  -0.1961
  -0.2922
  -0.3609
  -0.4297
  -0.4203
  -0.4109
  -0.2922
  -0.1734
        0

        0
  -0.0980
  -0.1961
  -0.2785
  -0.3609
  -0.3906
  -0.4203
  -0.3562
  -0.2922
  -0.1461
        0

        0
  -0.0980
  -0.1883
  -0.2785
  -0.3346
  -0.3906
  -0.3734
  -0.3563
  -0.2512
  -0.1461
        0

        0
  -0.0941
  -0.1883
  -0.2614
  -0.3346
  -0.3540
  -0.3734
  -0.3123
  -0.2512
  -0.1256
        0

        0
  -0.0941
  -0.1778
  -0.2614
  -0.3077
  -0.3540
  -0.3332
  -0.3123
  -0.2189
  -0.1256
        0

        0
  -0.0889
  -0.1778
  -0.2427
  -0.3077
  -0.3204
  -0.3332
  -0.2760
  -0.2189
  -0.1095
        0

        0
  -0.0889
  -0.1658
  -0.2427
  -0.2816
  -0.3204
  -0.2982
  -0.2760
  -0.1928
  -0.1095
        0

        0
  -0.0829
  -0.1658
  -0.2237
  -0.2816
  -0.2899
  -0.2982
  -0.2455
  -0.1928
  -0.0964
        0

        0
  -0.0829
  -0.1533
  -0.2237
  -0.2568
  -0.2899
  -0.2677
  -0.2455
  -0.1709
  -0.0964
        0

        0
  -0.0767
  -0.1533
  -0.2051
  -0.2568
  -0.2623
  -0.2677
  -0.2193
  -0.1709
  -0.0855
        0

        0
  -0.0767
  -0.1409
  -0.2051
  -0.2337
  -0.2623
  -0.2408
  -0.2193
  -0.1524
  -0.0855
        0

        0
  -0.0704
  -0.1409
  -0.1873
  -0.2337
  -0.2372
  -0.2408
  -0.1966
  -0.1524
  -0.0762
        0

        0
  -0.0704
  -0.1288
  -0.1873
  -0.2122
  -0.2372
  -0.2169
  -0.1966
  -0.1364
  -0.0762
        0

        0
  -0.0644
  -0.1288
  -0.1705
  -0.2122
  -0.2146
  -0.2169
  -0.1767
  -0.1364
  -0.0682
        0

        0
  -0.0644
  -0.1175
  -0.1705
  -0.1926
  -0.2146
  -0.1956
  -0.1767
  -0.1224
  -0.0682
        0

        0
  -0.0587
  -0.1175
  -0.1550
  -0.1926
  -0.1941
  -0.1956
  -0.1590
  -0.1224
  -0.0612
        0

        0
  -0.0587
  -0.1069
  -0.1550
  -0.1746
  -0.1941
  -0.1766
  -0.1590
  -0.1101
  -0.0612
        0

        0
  -0.0534
  -0.1069
  -0.1407
  -0.1746
  -0.1756
  -0.1766
  -0.1433
  -0.1101
  -0.0551
        0

        0
  -0.0534
  -0.0971
  -0.1407
  -0.1581
  -0.1756
  -0.1594
  -0.1433
  -0.0992
  -0.0551
        0

        0
  -0.0485
  -0.0971
  -0.1276
  -0.1581
  -0.1588
  -0.1594
  -0.1293
  -0.0992
  -0.0496
        0

        0
  -0.0485
  -0.0881
  -0.1276
  -0.1432
  -0.1588
  -0.1441
  -0.1293
  -0.0895
  -0.0496
        0

        0
  -0.0440
  -0.0881
  -0.1156
  -0.1432
  -0.1436
  -0.1441
  -0.1168
  -0.0895
  -0.0447
        0

        0
  -0.0440
  -0.0798
  -0.1156
  -0.1296
  -0.1436
  -0.1302
  -0.1168
  -0.0807
  -0.0447
        0

        0
  -0.0399
  -0.0798
  -0.1047
  -0.1296
  -0.1299
  -0.1302
  -0.1055
  -0.0807
  -0.0404
        0

        0
  -0.0399
  -0.0723
  -0.1047
  -0.1173
  -0.1299
  -0.1177
  -0.1055
  -0.0729
  -0.0404
        0

        0
  -0.0362
  -0.0723
  -0.0948
  -0.1173
  -0.1175
  -0.1177
  -0.0953
  -0.0729
  -0.0365
        0

        0
  -0.0362
  -0.0655
  -0.0948
  -0.1062
  -0.1175
  -0.1064
  -0.0953
  -0.0659
  -0.0365
        0

        0
  -0.0327
  -0.0655
  -0.0858
  -0.1062
  -0.1063
  -0.1064
  -0.0861
  -0.0659
  -0.0329
        0

        0
  -0.0327
  -0.0593
  -0.0858
  -0.0961
  -0.1063
  -0.0962
  -0.0861
  -0.0595
  -0.0329
        0

        0
  -0.0296
  -0.0593
  -0.0777
  -0.0961
  -0.0961
  -0.0962
  -0.0779
  -0.0595
  -0.0298
        0

        0
  -0.0296
  -0.0537
  -0.0777
  -0.0869
  -0.0961
  -0.0870
  -0.0779
  -0.0538
  -0.0298
        0

        0
  -0.0268
  -0.0537
  -0.0703
  -0.0869
  -0.0870
  -0.0870
  -0.0704
  -0.0538
  -0.0269
        0

        0
  -0.0268
  -0.0486
  -0.0703
  -0.0786
  -0.0870
  -0.0787
  -0.0704
  -0.0487
  -0.0269
        0

        0
  -0.0243
  -0.0486
  -0.0636
  -0.0786
  -0.0787
  -0.0787
  -0.0637
  -0.0487
  -0.0243
        0

        0
  -0.0243
  -0.0439
  -0.0636
  -0.0711
  -0.0787
  -0.0712
  -0.0637
  -0.0440
  -0.0243
        0

        0
  -0.0220
  -0.0439
  -0.0575
  -0.0711
  -0.0711
  -0.0712
  -0.0576
  -0.0440
  -0.0220
        0

        0
  -0.0220
  -0.0397
  -0.0575
  -0.0643
  -0.0711
  -0.0644
  -0.0576
  -0.0398
  -0.0220
        0

        0
  -0.0199
  -0.0397
  -0.0520
  -0.0643
  -0.0643
  -0.0644
  -0.0521
  -0.0398
  -0.0199
        0

        0
  -0.0199
  -0.0360
  -0.0520
  -0.0582
  -0.0643
  -0.0582
  -0.0521
  -0.0360
  -0.0199
        0

        0
  -0.0180
  -0.0360
  -0.0471
  -0.0582
  -0.0582
  -0.0582
  -0.0471
  -0.0360
  -0.0180
        0

        0
  -0.0180
  -0.0325
  -0.0471
  -0.0526
  -0.0582
  -0.0527
  -0.0471
  -0.0325
  -0.0180
        0

        0
  -0.0163
  -0.0325
  -0.0426
  -0.0526
  -0.0526
  -0.0527
  -0.0426
  -0.0325
  -0.0163
        0

        0
  -0.0163
  -0.0294
  -0.0426
  -0.0476
  -0.0526
  -0.0476
  -0.0426
  -0.0294
  -0.0163
        0

        0
  -0.0147
  -0.0294
  -0.0385
  -0.0476
  -0.0476
  -0.0476
  -0.0385
  -0.0294
  -0.0147
        0

        0
  -0.0147
  -0.0266
  -0.0385
  -0.0431
  -0.0476
  -0.0431
  -0.0385
  -0.0266
  -0.0147
        0

        0
  -0.0133
  -0.0266
  -0.0348
  -0.0431
  -0.0431
  -0.0431
  -0.0348
  -0.0266
  -0.0133
        0

        0
  -0.0133
  -0.0241
  -0.0348
  -0.0390
  -0.0431
  -0.0390
  -0.0348
  -0.0241
  -0.0133
        0

        0
  -0.0120
  -0.0241
  -0.0315
  -0.0390
  -0.0390
  -0.0390
  -0.0315
  -0.0241
  -0.0120
        0

        0
  -0.0120
  -0.0218
  -0.0315
  -0.0352
  -0.0390
  -0.0352
  -0.0315
  -0.0218
  -0.0120
        0

        0
  -0.0109
  -0.0218
  -0.0285
  -0.0352
  -0.0352
  -0.0352
  -0.0285
  -0.0218
  -0.0109
        0

        0
  -0.0109
  -0.0197
  -0.0285
  -0.0319
  -0.0352
  -0.0319
  -0.0285
  -0.0197
  -0.0109
        0

        0
  -0.0098
  -0.0197
  -0.0258
  -0.0319
  -0.0319
  -0.0319
  -0.0258
  -0.0197
  -0.0098
        0

        0
  -0.0098
  -0.0178
  -0.0258
  -0.0288
  -0.0319
  -0.0288
  -0.0258
  -0.0178
  -0.0098
        0

        0
  -0.0089
  -0.0178
  -0.0233
  -0.0288
  -0.0288
  -0.0288
  -0.0233
  -0.0178
  -0.0089
        0

        0
  -0.0089
  -0.0161
  -0.0233
  -0.0261
  -0.0288
  -0.0261
  -0.0233
  -0.0161
  -0.0089
        0

        0
  -0.0081
  -0.0161
  -0.0211
  -0.0261
  -0.0261
  -0.0261
  -0.0211
  -0.0161
  -0.0081
        0

        0
  -0.0081
  -0.0146
  -0.0211
  -0.0236
  -0.0261
  -0.0236
  -0.0211
  -0.0146
  -0.0081
        0

        0
  -0.0073
  -0.0146
  -0.0191
  -0.0236
  -0.0236
  -0.0236
  -0.0191
  -0.0146
  -0.0073
        0

        0
  -0.0073
  -0.0132
  -0.0191
  -0.0213
  -0.0236
  -0.0213
  -0.0191
  -0.0132
  -0.0073
        0

        0
  -0.0066
  -0.0132
  -0.0173
  -0.0213
  -0.0213
  -0.0213
  -0.0173
  -0.0132
  -0.0066
        0

        0
  -0.0066
  -0.0119
  -0.0173
  -0.0193
  -0.0213
  -0.0193
  -0.0173
  -0.0119
  -0.0066
        0

        0
  -0.0060
  -0.0119
  -0.0156
  -0.0193
  -0.0193
  -0.0193
  -0.0156
  -0.0119
  -0.0060
        0

        0
  -0.0060
  -0.0108
  -0.0156
  -0.0175
  -0.0193
  -0.0175
  -0.0156
  -0.0108
  -0.0060
        0

        0
  -0.0054
  -0.0108
  -0.0141
  -0.0175
  -0.0175
  -0.0175
  -0.0141
  -0.0108
  -0.0054
        0

        0
  -0.0054
  -0.0098
  -0.0141
  -0.0158
  -0.0175
  -0.0158
  -0.0141
  -0.0098
  -0.0054
        0

        0
  -0.0049
  -0.0098
  -0.0128
  -0.0158
  -0.0158
  -0.0158
  -0.0128
  -0.0098
  -0.0049
        0

        0
  -0.0049
  -0.0088
  -0.0128
  -0.0143
  -0.0158
  -0.0143
  -0.0128
  -0.0088
  -0.0049
        0

        0
  -0.0044
  -0.0088
  -0.0116
  -0.0143
  -0.0143
  -0.0143
  -0.0116
  -0.0088
  -0.0044
        0

        0
  -0.0044
  -0.0080
  -0.0116
  -0.0129
  -0.0143
  -0.0129
  -0.0116
  -0.0080
  -0.0044
        0

        0
  -0.0040
  -0.0080
  -0.0104
  -0.0129
  -0.0129
  -0.0129
  -0.0104
  -0.0080
  -0.0040
        0

        0
  -0.0040
  -0.0072
  -0.0104
  -0.0117
  -0.0129
  -0.0117
  -0.0104
  -0.0072
  -0.0040
        0

        0
  -0.0036
  -0.0072
  -0.0095
  -0.0117
  -0.0117
  -0.0117
  -0.0095
  -0.0072
  -0.0036
        0

        0
  -0.0036
  -0.0065
  -0.0095
  -0.0106
  -0.0117
  -0.0106
  -0.0095
  -0.0065
  -0.0036
        0

        0
  -0.0033
  -0.0065
  -0.0085
  -0.0106
  -0.0106
  -0.0106
  -0.0085
  -0.0065
  -0.0033
        0

        0
  -0.0033
  -0.0059
  -0.0085
  -0.0096
  -0.0106
  -0.0096
  -0.0085
  -0.0059
  -0.0033
        0

        0
  -0.0030
  -0.0059
  -0.0077
  -0.0096
  -0.0096
  -0.0096
  -0.0077
  -0.0059
  -0.0030
        0

        0
  -0.0030
  -0.0053
  -0.0077
  -0.0086
  -0.0096
  -0.0086
  -0.0077
  -0.0053
  -0.0030
        0

        0
  -0.0027
  -0.0053
  -0.0070
  -0.0086
  -0.0086
  -0.0086
  -0.0070
  -0.0053
  -0.0027
        0

        0
  -0.0027
  -0.0048
  -0.0070
  -0.0078
  -0.0086
  -0.0078
  -0.0070
  -0.0048
  -0.0027
        0

        0
  -0.0024
  -0.0048
  -0.0063
  -0.0078
  -0.0078
  -0.0078
  -0.0063
  -0.0048
  -0.0024
        0

        0
  -0.0024
  -0.0044
  -0.0063
  -0.0071
  -0.0078
  -0.0071
  -0.0063
  -0.0044
  -0.0024
        0

        0
  -0.0022
  -0.0044
  -0.0057
  -0.0071
  -0.0071
  -0.0071
  -0.0057
  -0.0044
  -0.0022
        0

        0
  -0.0022
  -0.0040
  -0.0057
  -0.0064
  -0.0071
  -0.0064
  -0.0057
  -0.0040
  -0.0022
        0

        0
  -0.0020
  -0.0040
  -0.0052
  -0.0064
  -0.0064
  -0.0064
  -0.0052
  -0.0040
  -0.0020
        0

        0
  -0.0020
  -0.0036
  -0.0052
  -0.0058
  -0.0064
  -0.0058
  -0.0052
  -0.0036
  -0.0020
        0

        0
  -0.0018
  -0.0036
  -0.0047
  -0.0058
  -0.0058
  -0.0058
  -0.0047
  -0.0036
  -0.0018
        0

        0
  -0.0018
  -0.0032
  -0.0047
  -0.0052
  -0.0058
  -0.0052
  -0.0047
  -0.0032
  -0.0018
        0

        0
  -0.0016
  -0.0032
  -0.0042
  -0.0052
  -0.0052
  -0.0052
  -0.0042
  -0.0032
  -0.0016
        0

        0
  -0.0016
  -0.0029
  -0.0042
  -0.0047
  -0.0052
  -0.0047
  -0.0042
  -0.0029
  -0.0016
        0

        0
  -0.0015
  -0.0029
  -0.0038
  -0.0047
  -0.0047
  -0.0047
  -0.0038
  -0.0029
  -0.0015
        0

        0
  -0.0015
  -0.0026
  -0.0038
  -0.0043
  -0.0047
  -0.0043
  -0.0038
  -0.0026
  -0.0015
        0

        0
  -0.0013
  -0.0026
  -0.0035
  -0.0043
  -0.0043
  -0.0043
  -0.0035
  -0.0026
  -0.0013
        0

        0
  -0.0013
  -0.0024
  -0.0035
  -0.0039
  -0.0043
  -0.0039
  -0.0035
  -0.0024
  -0.0013
        0

        0
  -0.0012
  -0.0024
  -0.0031
  -0.0039
  -0.0039
  -0.0039
  -0.0031
  -0.0024
  -0.0012
        0

        0
  -0.0012
  -0.0022
  -0.0031
  -0.0035
  -0.0039
  -0.0035
  -0.0031
  -0.0022
  -0.0012
        0

        0
  -0.0011
  -0.0022
  -0.0028
  -0.0035
  -0.0035
  -0.0035
  -0.0028
  -0.0022
  -0.0011
        0

        0
  -0.0011
  -0.0020
  -0.0028
  -0.0032
  -0.0035
  -0.0032
  -0.0028
  -0.0020
  -0.0011
        0

        0
  -0.0010
  -0.0020
  -0.0026
  -0.0032
  -0.0032
  -0.0032
  -0.0026
  -0.0020
  -0.0010
        0

        0
  -0.0010
  -0.0018
  -0.0026
  -0.0029
  -0.0032
  -0.0029
  -0.0026
  -0.0018
  -0.0010
        0

        0
  -0.0009
  -0.0018
  -0.0023
  -0.0029
  -0.0029
  -0.0029
  -0.0023
  -0.0018
  -0.0009
        0

        0
  -0.0009
  -0.0016
  -0.0023
  -0.0026
  -0.0029
  -0.0026
  -0.0023
  -0.0016
  -0.0009
        0

        0
  -0.0008
  -0.0016
  -0.0021
  -0.0026
  -0.0026
  -0.0026
  -0.0021
  -0.0016
  -0.0008
        0

        0
  -0.0008
  -0.0014
  -0.0021
  -0.0023
  -0.0026
  -0.0023
  -0.0021
  -0.0014
  -0.0008
        0

        0
  -0.0007
  -0.0014
  -0.0019
  -0.0023
  -0.0023
  -0.0023
  -0.0019
  -0.0014
  -0.0007
        0

        0
  -0.0007
  -0.0013
  -0.0019
  -0.0021
  -0.0023
  -0.0021
  -0.0019
  -0.0013
  -0.0007
        0

        0
  -0.0007
  -0.0013
  -0.0017
  -0.0021
  -0.0021
  -0.0021
  -0.0017
  -0.0013
  -0.0007
        0

        0
  -0.0007
  -0.0012
  -0.0017
  -0.0019
  -0.0021
  -0.0019
  -0.0017
  -0.0012
  -0.0007
        0

        0
  -0.0006
  -0.0012
  -0.0016
  -0.0019
  -0.0019
  -0.0019
  -0.0016
  -0.0012
  -0.0006
        0

        0
  -0.0006
  -0.0011
  -0.0016
  -0.0017
  -0.0019
  -0.0017
  -0.0016
  -0.0011
  -0.0006
        0

        0
  -0.0005
  -0.0011
  -0.0014
  -0.0017
  -0.0017
  -0.0017
  -0.0014
  -0.0011
  -0.0005
        0

        0
  -0.0005
  -0.0010
  -0.0014
  -0.0016
  -0.0017
  -0.0016
  -0.0014
  -0.0010
  -0.0005
        0

        0
  -0.0005
  -0.0010
  -0.0013
  -0.0016
  -0.0016
  -0.0016
  -0.0013
  -0.0010
  -0.0005
        0

        0
  -0.0005
  -0.0009
  -0.0013
  -0.0014
  -0.0016
  -0.0014
  -0.0013
  -0.0009
  -0.0005
        0

        0
  -0.0004
  -0.0009
  -0.0011
  -0.0014
  -0.0014
  -0.0014
  -0.0011
  -0.0009
  -0.0004
        0

        0
  -0.0004
  -0.0008
  -0.0011
  -0.0013
  -0.0014
  -0.0013
  -0.0011
  -0.0008
  -0.0004
        0

        0
  -0.0004
  -0.0008
  -0.0010
  -0.0013
  -0.0013
  -0.0013
  -0.0010
  -0.0008
  -0.0004
        0

        0
  -0.0004
  -0.0007
  -0.0010
  -0.0012
  -0.0013
  -0.0012
  -0.0010
  -0.0007
  -0.0004
        0

        0
  -0.0004
  -0.0007
  -0.0009
  -0.0012
  -0.0012
  -0.0012
  -0.0009
  -0.0007
  -0.0004
        0

        0
  -0.0004
  -0.0006
  -0.0009
  -0.0011
  -0.0012
  -0.0011
  -0.0009
  -0.0006
  -0.0004
        0

        0
  -0.0003
  -0.0006
  -0.0008
  -0.0011
  -0.0011
  -0.0011
  -0.0008
  -0.0006
  -0.0003
        0

        0
  -0.0003
  -0.0006
  -0.0008
  -0.0010
  -0.0011
  -0.0010
  -0.0008
  -0.0006
  -0.0003
        0

        0
  -0.0003
  -0.0006
  -0.0008
  -0.0010
  -0.0010
  -0.0010
  -0.0008
  -0.0006
  -0.0003
        0

        0
  -0.0003
  -0.0005
  -0.0008
  -0.0009
  -0.0010
  -0.0009
  -0.0008
  -0.0005
  -0.0003
        0

        0
  -0.0003
  -0.0005
  -0.0007
  -0.0009
  -0.0009
  -0.0009
  -0.0007
  -0.0005
  -0.0003
        0

        0
  -0.0003
  -0.0005
  -0.0007
  -0.0008
  -0.0009
  -0.0008
  -0.0007
  -0.0005
  -0.0003
        0

        0
  -0.0002
  -0.0005
  -0.0006
  -0.0008
  -0.0008
  -0.0008
  -0.0006
  -0.0005
  -0.0002
        0

        0
  -0.0002
  -0.0004
  -0.0006
  -0.0007
  -0.0008
  -0.0007
  -0.0006
  -0.0004
  -0.0002
        0

        0
  -0.0002
  -0.0004
  -0.0006
  -0.0007
  -0.0007
  -0.0007
  -0.0006
  -0.0004
  -0.0002
        0

        0
  -0.0002
  -0.0004
  -0.0006
  -0.0006
  -0.0007
  -0.0006
  -0.0006
  -0.0004
  -0.0002
        0

        0
  -0.0002
  -0.0004
  -0.0005
  -0.0006
  -0.0006
  -0.0006
  -0.0005
  -0.0004
  -0.0002
        0

        0
  -0.0002
  -0.0004
  -0.0005
  -0.0006
  -0.0006
  -0.0006
  -0.0005
  -0.0004
  -0.0002
        0

        0
  -0.0002
  -0.0004
  -0.0005
  -0.0006
  -0.0006
  -0.0006
  -0.0005
  -0.0004
  -0.0002
        0

        0
  -0.0002
  -0.0003
  -0.0005
  -0.0005
  -0.0006
  -0.0005
  -0.0005
  -0.0003
  -0.0002
        0

        0
  -0.0002
  -0.0003
  -0.0004
  -0.0005
  -0.0005
  -0.0005
  -0.0004
  -0.0003
  -0.0002
        0

        0
  -0.0002
  -0.0003
  -0.0004
  -0.0005
  -0.0005
  -0.0005
  -0.0004
  -0.0003
  -0.0002
        0

        0
  -0.0001
  -0.0003
  -0.0004
  -0.0005
  -0.0005
  -0.0005
  -0.0004
  -0.0003
  -0.0001
        0

        0
  -0.0001
  -0.0003
  -0.0004
  -0.0004
  -0.0005
  -0.0004
  -0.0004
  -0.0003
  -0.0001
        0

        0
  -0.0001
  -0.0003
  -0.0003
  -0.0004
  -0.0004
  -0.0004
  -0.0003
  -0.0003
  -0.0001
        0

        0
  -0.0001
  -0.0002
  -0.0003
  -0.0004
  -0.0004
  -0.0004
  -0.0003
  -0.0002
  -0.0001
        0

        0
  -0.0001
  -0.0002
  -0.0003
  -0.0004
  -0.0004
  -0.0004
  -0.0003
  -0.0002
  -0.0001
        0

        0
  -0.0001
  -0.0002
  -0.0003
  -0.0003
  -0.0004
  -0.0003
  -0.0003
  -0.0002
  -0.0001
        0

        0
  -0.0001
  -0.0002
  -0.0003
  -0.0003
  -0.0003
  -0.0003
  -0.0003
  -0.0002
  -0.0001
        0

        0
  -0.0001
  -0.0002
  -0.0003
  -0.0003
  -0.0003
  -0.0003
  -0.0003
  -0.0002
  -0.0001
        0

            0
  -9.7362e-05
  -1.9472e-04
  -2.5490e-04
  -3.1507e-04
  -3.1507e-04
  -3.1507e-04
  -2.5490e-04
  -1.9472e-04
  -9.7362e-05
            0

            0
  -9.7362e-05
  -1.7613e-04
  -2.5490e-04
  -2.8498e-04
  -3.1507e-04
  -2.8498e-04
  -2.5490e-04
  -1.7613e-04
  -9.7362e-05
            0

            0
  -8.8065e-05
  -1.7613e-04
  -2.3056e-04
  -2.8498e-04
  -2.8498e-04
  -2.8498e-04
  -2.3056e-04
  -1.7613e-04
  -8.8065e-05
            0

            0
  -8.8065e-05
  -1.5931e-04
  -2.3056e-04
  -2.5777e-04
  -2.8498e-04
  -2.5777e-04
  -2.3056e-04
  -1.5931e-04
  -8.8065e-05
            0

            0
  -7.9656e-05
  -1.5931e-04
  -2.0854e-04
  -2.5777e-04
  -2.5777e-04
  -2.5777e-04
  -2.0854e-04
  -1.5931e-04
  -7.9656e-05
            0

            0
  -7.9656e-05
  -1.4410e-04
  -2.0854e-04
  -2.3316e-04
  -2.5777e-04
  -2.3316e-04
  -2.0854e-04
  -1.4410e-04
  -7.9656e-05
            0

            0
  -7.2049e-05
  -1.4410e-04
  -1.8863e-04
  -2.3316e-04
  -2.3316e-04
  -2.3316e-04
  -1.8863e-04
  -1.4410e-04
  -7.2049e-05
            0

            0
  -7.2049e-05
  -1.3034e-04
  -1.8863e-04
  -2.1089e-04
  -2.3316e-04
  -2.1089e-04
  -1.8863e-04
  -1.3034e-04
  -7.2049e-05
            0

            0
  -6.5169e-05
  -1.3034e-04
  -1.7062e-04
  -2.1089e-04
  -2.1089e-04
  -2.1089e-04
  -1.7062e-04
  -1.3034e-04
  -6.5169e-05
            0

            0
  -6.5169e-05
  -1.1789e-04
  -1.7062e-04
  -1.9075e-04
  -2.1089e-04
  -1.9075e-04
  -1.7062e-04
  -1.1789e-04
  -6.5169e-05
            0

            0
  -5.8946e-05
  -1.1789e-04
  -1.5432e-04
  -1.9075e-04
  -1.9075e-04
  -1.9075e-04
  -1.5432e-04
  -1.1789e-04
  -5.8946e-05
            0

            0
  -5.8946e-05
  -1.0663e-04
  -1.5432e-04
  -1.7254e-04
  -1.9075e-04
  -1.7254e-04
  -1.5432e-04
  -1.0663e-04
  -5.8946e-05
            0

            0
  -5.3317e-05
  -1.0663e-04
  -1.3959e-04
  -1.7254e-04
  -1.7254e-04
  -1.7254e-04
  -1.3959e-04
  -1.0663e-04
  -5.3317e-05
            0

            0
  -5.3317e-05
  -9.6452e-05
  -1.3959e-04
  -1.5606e-04
  -1.7254e-04
  -1.5606e-04
  -1.3959e-04
  -9.6452e-05
  -5.3317e-05
            0

            0
  -4.8226e-05
  -9.6452e-05
  -1.2626e-04
  -1.5606e-04
  -1.5606e-04
  -1.5606e-04
  -1.2626e-04
  -9.6452e-05
  -4.8226e-05
            0

            0
  -4.8226e-05
  -8.7241e-05
  -1.2626e-04
  -1.4116e-04
  -1.5606e-04
  -1.4116e-04
  -1.2626e-04
  -8.7241e-05
  -4.8226e-05
            0

            0
  -4.3621e-05
  -8.7241e-05
  -1.1420e-04
  -1.4116e-04
  -1.4116e-04
  -1.4116e-04
  -1.1420e-04
  -8.7241e-05
  -4.3621e-05
            0

            0
  -4.3621e-05
  -7.8911e-05
  -1.1420e-04
  -1.2768e-04
  -1.4116e-04
  -1.2768e-04
  -1.1420e-04
  -7.8911e-05
  -4.3621e-05
            0

            0
  -3.9455e-05
  -7.8911e-05
  -1.0330e-04
  -1.2768e-04
  -1.2768e-04
  -1.2768e-04
  -1.0330e-04
  -7.8911e-05
  -3.9455e-05
            0

            0
  -3.9455e-05
  -7.1375e-05
  -1.0330e-04
  -1.1549e-04
  -1.2768e-04
  -1.1549e-04
  -1.0330e-04
  -7.1375e-05
  -3.9455e-05
            0

            0
  -3.5688e-05
  -7.1375e-05
  -9.3431e-05
  -1.1549e-04
  -1.1549e-04
  -1.1549e-04
  -9.3431e-05
  -7.1375e-05
  -3.5688e-05
            0

            0
  -3.5688e-05
  -6.4560e-05
  -9.3431e-05
  -1.0446e-04
  -1.1549e-04
  -1.0446e-04
  -9.3431e-05
  -6.4560e-05
  -3.5688e-05
            0

            0
  -3.2280e-05
  -6.4560e-05
  -8.4510e-05
  -1.0446e-04
  -1.0446e-04
  -1.0446e-04
  -8.4510e-05
  -6.4560e-05
  -3.2280e-05
            0

            0
  -3.2280e-05
  -5.8395e-05
  -8.4510e-05
  -9.4485e-05
  -1.0446e-04
  -9.4485e-05
  -8.4510e-05
  -5.8395e-05
  -3.2280e-05
            0

            0
  -2.9197e-05
  -5.8395e-05
  -7.6440e-05
  -9.4485e-05
  -9.4485e-05
  -9.4485e-05
  -7.6440e-05
  -5.8395e-05
  -2.9197e-05
            0

            0
  -2.9197e-05
  -5.2818e-05
  -7.6440e-05
  -8.5462e-05
  -9.4485e-05
  -8.5462e-05
  -7.6440e-05
  -5.2818e-05
  -2.9197e-05
            0

            0
  -2.6409e-05
  -5.2818e-05
  -6.9140e-05
  -8.5462e-05
  -8.5462e-05
  -8.5462e-05
  -6.9140e-05
  -5.2818e-05
  -2.6409e-05
            0

            0
  -2.6409e-05
  -4.7775e-05
  -6.9140e-05
  -7.7301e-05
  -8.5462e-05
  -7.7301e-05
  -6.9140e-05
  -4.7775e-05
  -2.6409e-05
            0

            0
  -2.3887e-05
  -4.7775e-05
  -6.2538e-05
  -7.7301e-05
  -7.7301e-05
  -7.7301e-05
  -6.2538e-05
  -4.7775e-05
  -2.3887e-05
            0

            0
  -2.3887e-05
  -4.3213e-05
  -6.2538e-05
  -6.9920e-05
  -7.7301e-05
  -6.9920e-05
  -6.2538e-05
  -4.3213e-05
  -2.3887e-05
            0

            0
  -2.1606e-05
  -4.3213e-05
  -5.6566e-05
  -6.9920e-05
  -6.9920e-05
  -6.9920e-05
  -5.6566e-05
  -4.3213e-05
  -2.1606e-05
            0

            0
  -2.1606e-05
  -3.9086e-05
  -5.6566e-05
  -6.3243e-05
  -6.9920e-05
  -6.3243e-05
  -5.6566e-05
  -3.9086e-05
  -2.1606e-05
            0

            0
  -1.9543e-05
  -3.9086e-05
  -5.1165e-05
  -6.3243e-05
  -6.3243e-05
  -6.3243e-05
  -5.1165e-05
  -3.9086e-05
  -1.9543e-05
            0

            0
  -1.9543e-05
  -3.5354e-05
  -5.1165e-05
  -5.7204e-05
  -6.3243e-05
  -5.7204e-05
  -5.1165e-05
  -3.5354e-05
  -1.9543e-05
            0

            0
  -1.7677e-05
  -3.5354e-05
  -4.6279e-05
  -5.7204e-05
  -5.7204e-05
  -5.7204e-05
  -4.6279e-05
  -3.5354e-05
  -1.7677e-05
            0

            0
  -1.7677e-05
  -3.1978e-05
  -4.6279e-05
  -5.1741e-05
  -5.7204e-05
  -5.1741e-05
  -4.6279e-05
  -3.1978e-05
  -1.7677e-05
            0

            0
  -1.5989e-05
  -3.1978e-05
  -4.1860e-05
  -5.1741e-05
  -5.1741e-05
  -5.1741e-05
  -4.1860e-05
  -3.1978e-05
  -1.5989e-05
            0

            0
  -1.5989e-05
  -2.8924e-05
  -4.1860e-05
  -4.6800e-05
  -5.1741e-05
  -4.6800e-05
  -4.1860e-05
  -2.8924e-05
  -1.5989e-05
            0

            0
  -1.4462e-05
  -2.8924e-05
  -3.7862e-05
  -4.6800e-05
  -4.6800e-05
  -4.6800e-05
  -3.7862e-05
  -2.8924e-05
  -1.4462e-05
            0

            0
  -1.4462e-05
  -2.6162e-05
  -3.7862e-05
  -4.2331e-05
  -4.6800e-05
  -4.2331e-05
  -3.7862e-05
  -2.6162e-05
  -1.4462e-05
            0

            0
  -1.3081e-05
  -2.6162e-05
  -3.4247e-05
  -4.2331e-05
  -4.2331e-05
  -4.2331e-05
  -3.4247e-05
  -2.6162e-05
  -1.3081e-05
            0

            0
  -1.3081e-05
  -2.3664e-05
  -3.4247e-05
  -3.8289e-05
  -4.2331e-05
  -3.8289e-05
  -3.4247e-05
  -2.3664e-05
  -1.3081e-05
            0

            0
  -1.1832e-05
  -2.3664e-05
  -3.0977e-05
  -3.8289e-05
  -3.8289e-05
  -3.8289e-05
  -3.0977e-05
  -2.3664e-05
  -1.1832e-05
            0

            0
  -1.1832e-05
  -2.1404e-05
  -3.0977e-05
  -3.4633e-05
  -3.8289e-05
  -3.4633e-05
  -3.0977e-05
  -2.1404e-05
  -1.1832e-05
            0

            0
  -1.0702e-05
  -2.1404e-05
  -2.8019e-05
  -3.4633e-05
  -3.4633e-05
  -3.4633e-05
  -2.8019e-05
  -2.1404e-05
  -1.0702e-05
            0

            0
  -1.0702e-05
  -1.9360e-05
  -2.8019e-05
  -3.1326e-05
  -3.4633e-05
  -3.1326e-05
  -2.8019e-05
  -1.9360e-05
  -1.0702e-05
            0

            0
  -9.6802e-06
  -1.9360e-05
  -2.5343e-05
  -3.1326e-05
  -3.1326e-05
  -3.1326e-05
  -2.5343e-05
  -1.9360e-05
  -9.6802e-06
            0

            0
  -9.6802e-06
  -1.7512e-05
  -2.5343e-05
  -2.8334e-05
  -3.1326e-05
  -2.8334e-05
  -2.5343e-05
  -1.7512e-05
  -9.6802e-06
            0

            0
  -8.7558e-06
  -1.7512e-05
  -2.2923e-05
  -2.8334e-05
  -2.8334e-05
  -2.8334e-05
  -2.2923e-05
  -1.7512e-05
  -8.7558e-06
            0

            0
  -8.7558e-06
  -1.5839e-05
  -2.2923e-05
  -2.5629e-05
  -2.8334e-05
  -2.5629e-05
  -2.2923e-05
  -1.5839e-05
  -8.7558e-06
            0

