            0
  -1.0328e-06
  -2.0635e-06
  -3.0943e-06
  -4.1189e-06
  -5.1436e-06
  -6.1581e-06
  -7.1725e-06
  -8.1729e-06
  -9.1732e-06
  -1.0155e-05
  -1.1138e-05
  -1.2098e-05
  -1.3058e-05
  -1.3993e-05
  -1.4927e-05
  -1.5832e-05
  -1.6737e-05
  -1.7609e-05
  -1.8481e-05
  -1.9317e-05
  -2.0152e-05
  -2.0948e-05
  -2.1744e-05
  -2.2497e-05
  -2.3250e-05
  -2.3957e-05
  -2.4664e-05
  -2.5322e-05
  -2.5980e-05
  -2.6587e-05
  -2.7194e-05
  -2.7748e-05
  -2.8301e-05
  -2.8799e-05
  -2.9296e-05
  -2.9736e-05
  -3.0176e-05
  -3.0556e-05
  -3.0936e-05
  -3.1255e-05
  -3.1574e-05
  -3.1831e-05
  -3.2088e-05
  -3.2282e-05
  -3.2475e-05
  -3.2605e-05
  -3.2734e-05
  -3.2799e-05
  -3.2864e-05
  -3.2864e-05
  -3.2864e-05
  -3.2799e-05
  -3.2734e-05
  -3.2605e-05
  -3.2475e-05
  -3.2282e-05
  -3.2088e-05
  -3.1831e-05
  -3.1574e-05
  -3.1255e-05
  -3.0936e-05
  -3.0556e-05
  -3.0176e-05
  -2.9736e-05
  -2.9296e-05
  -2.8799e-05
  -2.8301e-05
  -2.7748e-05
  -2.7194e-05
  -2.6587e-05
  -2.5980e-05
  -2.5322e-05
  -2.4664e-05
  -2.3957e-05
  -2.3250e-05
  -2.2497e-05
  -2.1744e-05
  -2.0948e-05
  -2.0152e-05
  -1.9317e-05
  -1.8481e-05
  -1.7609e-05
  -1.6737e-05
  -1.5832e-05
  -1.4927e-05
  -1.3993e-05
  -1.3058e-05
  -1.2098e-05
  -1.1138e-05
  -1.0155e-05
  -9.1732e-06
  -8.1729e-06
  -7.1725e-06
  -6.1581e-06
  -5.1436e-06
  -4.1189e-06
  -3.0943e-06
  -2.0635e-06
  -1.0328e-06
            0
