            0
   2.4245e+01
   4.4790e+01
   6.4529e+01
   8.3461e+01
   1.0159e+02
   1.1891e+02
   1.3542e+02
   1.5113e+02
   1.6603e+02
   1.8012e+02
   1.9341e+02
   2.0589e+02
   2.1756e+02
   2.2843e+02
   2.3850e+02
   2.4775e+02
   2.5620e+02
   2.6445e+02
   2.7249e+02
   2.8034e+02
   2.8798e+02
   2.9542e+02
   3.0266e+02
   3.0970e+02
   3.1654e+02
   3.2317e+02
   3.2960e+02
   3.3584e+02
   3.4187e+02
   3.4769e+02
   3.5332e+02
   3.5875e+02
   3.6397e+02
   3.6899e+02
   3.7370e+02
   3.7809e+02
   3.8216e+02
   3.8591e+02
   3.8935e+02
   3.9247e+02
   3.9528e+02
   3.9776e+02
   3.9993e+02
   4.0179e+02
   4.0333e+02
   4.0455e+02
   4.0545e+02
   4.0604e+02
   4.0631e+02
   4.0626e+02
   4.0590e+02
   4.0522e+02
   4.0422e+02
   4.0290e+02
   4.0127e+02
   3.9933e+02
   3.9706e+02
   3.9448e+02
   3.9158e+02
   3.8837e+02
   3.8484e+02
   3.8099e+02
   3.7682e+02
   3.7234e+02
   3.6754e+02
   3.6243e+02
   3.5699e+02
   3.5124e+02
   3.4518e+02
   3.3880e+02
   3.3210e+02
   3.2508e+02
   3.1775e+02
   3.1010e+02
   3.0213e+02
   2.9385e+02
   2.8525e+02
   2.7633e+02
   2.6709e+02
   2.5754e+02
   2.4768e+02
   2.3749e+02
   2.2699e+02
   2.1617e+02
   2.0504e+02
   1.9359e+02
   1.8182e+02
   1.6973e+02
   1.5733e+02
   1.4461e+02
   1.3158e+02
   1.1822e+02
   1.0455e+02
   9.0569e+01
   7.6266e+01
   6.1646e+01
   4.6710e+01
   3.1457e+01
   1.5887e+01
            0
