            0
  -5.9103e-06
  -1.1109e-05
  -1.6298e-05
  -2.1470e-05
  -2.6621e-05
  -3.1746e-05
  -3.6839e-05
  -4.1897e-05
  -4.6913e-05
  -5.1883e-05
  -5.6801e-05
  -6.1664e-05
  -6.6467e-05
  -7.1203e-05
  -7.5870e-05
  -8.0462e-05
  -8.4975e-05
  -8.9404e-05
  -9.3746e-05
  -9.7995e-05
  -1.0215e-04
  -1.0620e-04
  -1.1015e-04
  -1.1399e-04
  -1.1771e-04
  -1.2132e-04
  -1.2482e-04
  -1.2818e-04
  -1.3143e-04
  -1.3454e-04
  -1.3752e-04
  -1.4037e-04
  -1.4307e-04
  -1.4564e-04
  -1.4806e-04
  -1.5034e-04
  -1.5247e-04
  -1.5445e-04
  -1.5628e-04
  -1.5795e-04
  -1.5947e-04
  -1.6083e-04
  -1.6203e-04
  -1.6308e-04
  -1.6396e-04
  -1.6468e-04
  -1.6524e-04
  -1.6564e-04
  -1.6587e-04
  -1.6594e-04
  -1.6585e-04
  -1.6559e-04
  -1.6518e-04
  -1.6459e-04
  -1.6385e-04
  -1.6295e-04
  -1.6188e-04
  -1.6066e-04
  -1.5927e-04
  -1.5773e-04
  -1.5604e-04
  -1.5419e-04
  -1.5219e-04
  -1.5004e-04
  -1.4774e-04
  -1.4530e-04
  -1.4272e-04
  -1.3999e-04
  -1.3713e-04
  -1.3413e-04
  -1.3100e-04
  -1.2774e-04
  -1.2435e-04
  -1.2084e-04
  -1.1721e-04
  -1.1347e-04
  -1.0962e-04
  -1.0566e-04
  -1.0159e-04
  -9.7425e-05
  -9.3163e-05
  -8.8810e-05
  -8.4369e-05
  -7.9845e-05
  -7.5242e-05
  -7.0566e-05
  -6.5820e-05
  -6.1009e-05
  -5.6138e-05
  -5.1212e-05
  -4.6236e-05
  -4.1214e-05
  -3.6151e-05
  -3.1053e-05
  -2.5924e-05
  -2.0770e-05
  -1.5596e-05
  -1.0406e-05
  -5.2053e-06
            0
