            0
   1.7024e+01
   3.1210e+01
   4.4590e+01
   5.7163e+01
   6.8930e+01
   7.9891e+01
   9.0045e+01
   9.9393e+01
   1.0793e+02
   1.1567e+02
   1.2260e+02
   1.2872e+02
   1.3404e+02
   1.3854e+02
   1.4225e+02
   1.4514e+02
   1.4723e+02
   1.4912e+02
   1.5081e+02
   1.5230e+02
   1.5358e+02
   1.5466e+02
   1.5554e+02
   1.5622e+02
   1.5670e+02
   1.5697e+02
   1.5705e+02
   1.5692e+02
   1.5659e+02
   1.5606e+02
   1.5533e+02
   1.5439e+02
   1.5326e+02
   1.5192e+02
   1.5056e+02
   1.4916e+02
   1.4774e+02
   1.4629e+02
   1.4480e+02
   1.4329e+02
   1.4176e+02
   1.4019e+02
   1.3859e+02
   1.3697e+02
   1.3531e+02
   1.3363e+02
   1.3192e+02
   1.3018e+02
   1.2841e+02
   1.2661e+02
   1.2479e+02
   1.2293e+02
   1.2105e+02
   1.1913e+02
   1.1719e+02
   1.1522e+02
   1.1322e+02
   1.1119e+02
   1.0914e+02
   1.0705e+02
   1.0494e+02
   1.0279e+02
   1.0062e+02
   9.8418e+01
   9.6189e+01
   9.3930e+01
   9.1643e+01
   8.9326e+01
   8.6981e+01
   8.4607e+01
   8.2205e+01
   7.9773e+01
   7.7313e+01
   7.4824e+01
   7.2306e+01
   6.9760e+01
   6.7184e+01
   6.4580e+01
   6.1947e+01
   5.9285e+01
   5.6594e+01
   5.3875e+01
   5.1127e+01
   4.8350e+01
   4.5544e+01
   4.2709e+01
   3.9846e+01
   3.6953e+01
   3.4032e+01
   3.1082e+01
   2.8104e+01
   2.5096e+01
   2.2060e+01
   1.8995e+01
   1.5901e+01
   1.2779e+01
   9.6271e+00
   6.4469e+00
   3.2378e+00
            0
